sn,zhel,zcmb,st,est,Mmax,eMmax,t0,EBVmw,eEBVmw,covMs,sample,subtype,quality,cosmo,phys,BV,eBV,covBV_M,ml,m,mu,host,dist,edist,caltype
ASAS14ad,0.0264,0.0274352,1.0224989119492163,0.004766230359192222,17.027046225433075,0.006140183422364989,-3.8,0.0159,0.0016,-5.074e-07,CSPII,Ia,0.973,0,1,-0.034327842365506456,0.014701124944878234,0.0,8.23,8.61,8.78,N/A,-1.0,-1.0,none
ASAS14hp,0.0388933,0.0386676,1.0864036783619533,0.009657754645761669,17.40584067817665,0.009132865000716485,-1.0,0.0295,0.0029,3.893e-06,CSPII,Ia,0.984,1,0,-0.07046663476397796,0.007398810727204866,0.0,8.98,9.09,9.15,N/A,-1.0,-1.0,none
ASAS14hr,0.0335967,0.0327196,0.785236631709155,0.006304033568374523,17.513090493006473,0.012741994575520587,-3.6,0.0131,0.0013,2.932e-05,CSPII,Ia,0.985,1,0,0.052067429853842384,0.014070757459476852,0.0,10.18,10.34,10.45,N/A,-1.0,-1.0,none
ASAS14hu,0.0215851,0.0218919,1.081973039733661,0.0074972596980795204,16.290687346423756,0.008287668568042295,-3.4,0.0612,0.0061,1.563e-07,CSPII,Ia,0.983,0,1,-0.05812988236086447,0.006884103235948342,0.0,9.8,9.93,10.24,N/A,-1.0,-1.0,none
ASAS14jc,0.0113167,0.0117796,0.9101274745393709,0.007310288734753357,15.442074717156864,0.014468135284254653,-2.2,0.1346,0.0135,1.311e-06,CSPII,Ia,0.962,0,1,0.44469548206593323,0.015817726039366892,0.0,9.32,9.46,9.77,N/A,-1.0,-1.0,none
ASAS14jg,0.0148167,0.014347,1.1245166285951296,0.025547137476476932,15.448675853030842,0.06269520746277636,6.5,0.0128,0.0013,-5.763e-06,CSPII,Ia,0.961,0,1,0.09337785175103264,0.06131209702412014,0.0,8.57,8.76,8.88,N/A,-1.0,-1.0,none
ASAS14jz,0.0157891,0.0156168,0.9768344412567868,0.007515104855580631,15.352018610128354,0.00677677230903922,-5.1,0.0472,0.0047,2.891e-06,CSPII,Ia,0.952,0,0,-0.03327912803150035,0.005943334348908313,0.0,8.11,8.23,8.35,N/A,-1.0,-1.0,none
ASAS14kd,0.0243,0.0230683,1.1344136521807762,0.010581247733024114,16.472120829554058,0.010120596316485125,-4.1,0.0574,0.0057,1.757e-05,CSPII,Ia-91T,0.941,0,0,0.2280953085562949,0.009449824637927833,0.0,10.03,10.14,10.23,N/A,-1.0,-1.0,none
ASAS14kq,0.0335767,0.0325972,1.1892529014330073,0.00799440853723809,17.334317957017934,0.01068482803629734,-2.3,0.0155,0.0016,5.881e-05,CSPII,Ia,0.961,1,0,-0.0177569738704193,0.009200489590878219,0.0,8.78,8.91,9.11,N/A,-1.0,-1.0,none
ASAS14lo,0.0199167,0.0210151,0.9429326914829473,0.018884252051846552,16.442856053466098,0.05963142774268745,5.5,0.0282,0.0028,-8.334e-06,CSPII,Ia,0.979,0,1,0.12083675245889935,0.06395464970213544,0.0,9.47,9.69,9.79,N/A,-1.0,-1.0,none
ASAS14lp,0.0050967,0.0062254,1.0827805148491885,0.00527472609343439,12.39551642349459,0.006719396103571582,-10.4,0.0213,0.0021,1.228e-06,CSPII,Ia,0.335,0,1,0.24305746982761356,0.006433278714805022,0.0,10.6,10.74,10.91,N/A,-1.0,-1.0,none
ASAS14lq,0.0261733,0.0250833,0.9806057553781313,0.026311754889613733,16.827008071423055,0.07011302158757773,9.1,0.0275,0.0028,-7.389e-05,CSPII,Ia,0.977,0,1,0.030621082599800786,0.07679189486415891,0.0,10.46,10.65,10.73,N/A,-1.0,-1.0,none
ASAS14lt,0.0320233,0.0314552,0.9341177496266908,0.01059711392671531,17.056819745799334,0.018370390920755385,-1.3,0.0474,0.0047,-5.389e-06,CSPII,Ia,0.984,1,0,-0.0018527624492996608,0.021100553236683337,0.0,10.56,10.64,10.7,N/A,-1.0,-1.0,none
ASAS14lw,0.0208855,0.0202609,1.1396973993975852,0.011883532394927046,16.431379618983335,0.015146389217685111,-6.3,0.0117,0.0012,2.511e-05,CSPII,Ia,0.939,0,1,-0.02413366399232153,0.01288199007669448,0.0,6.08,6.35,6.72,N/A,-1.0,-1.0,none
ASAS14me,0.0178,0.017386,1.0868017897595597,0.007096876128846791,15.816278020918977,0.009280735103109795,-8.1,0.0175,0.0018,2.609e-06,CSPII,Ia,0.981,0,1,-0.015483211926694551,0.007993423785163115,0.0,8.91,9.05,9.15,N/A,-1.0,-1.0,none
ASAS14mf,0.03108,0.0301521,0.9756878313962298,0.00824053722878542,17.135422279907754,0.013208755002619348,-1.2,0.0125,0.0013,-9.142e-06,CSPII,Ia,0.984,1,0,-0.013058636081584751,0.014319014217492636,0.0,8.66,8.93,9.03,N/A,-1.0,-1.0,none
ASAS14mw,0.0273867,0.0271207,1.0647124662683225,0.005997686080827928,16.708451403757724,0.007135698807963244,-3.3,0.0179,0.0018,2.442e-06,CSPII,Ia,0.984,1,1,-0.051445912243687886,0.006126070914194977,0.0,10.59,10.68,10.75,N/A,-1.0,-1.0,none
ASAS14my,0.0205,0.0217279,0.9053045358915472,0.005542041620623179,16.111721002322344,0.011273708243977661,-5.1,0.0316,0.0032,5.417e-06,CSPII,Ia,0.975,0,1,0.0343705282357778,0.013418371798176728,0.0,10.11,10.31,10.74,N/A,-1.0,-1.0,none
ASAS15aj,0.0109133,0.0120218,0.7577866377044061,0.006466545798845041,14.911011415424149,0.012165264160300539,0.0,0.0656,0.0066,4.278e-06,CSPII,Ia,0.952,0,1,0.09463047788340795,0.0118247159661998,0.0,11.05,11.2,11.35,N/A,-1.0,-1.0,none
ASAS15al,0.0337766,0.0337612,1.102849685750354,0.027481828344267017,17.580695577835897,0.061360368710566375,3.7,0.0293,0.0029,-8.963e-06,CSPII,Ia,0.916,1,0,0.036510404552650755,0.062166913348385804,0.0,8.03,8.07,8.23,N/A,-1.0,-1.0,none
ASAS15as,0.0286801,0.0297845,1.2636444732891594,0.008138669353056207,17.074410641902887,0.009546128209345067,2.0,0.0398,0.004,-2.035e-06,CSPII,Ia,0.985,1,1,-0.0028910134131336918,0.010451728149699028,0.0,7.47,7.66,8.01,N/A,-1.0,-1.0,none
ASAS15ba,0.0231167,0.0239771,0.9683939440491436,0.00618701058384533,16.63911992654191,0.008999362418355807,1.3,0.0223,0.0022,-4.678e-06,CSPII,Ia,0.983,0,1,0.021166901585900177,0.009329441186884611,0.0,7.83,7.99,8.19,N/A,-1.0,-1.0,none
ASAS15be,0.0218833,0.0213892,1.1966517726549473,0.005414643129027668,16.44017551071828,0.008892126328980732,-4.2,0.0167,0.0017,9.793e-06,CSPII,Ia,0.976,0,1,0.009348413248595477,0.007924696814566125,0.0,7.66,7.8,8.16,N/A,-1.0,-1.0,none
ASAS15bm,0.0207856,0.0214395,0.9955718374382256,0.0064178313102636825,16.250306373582895,0.010521481514626596,-4.2,0.069,0.0069,1.676e-06,CSPII,Ia,0.976,0,1,0.13431088268477787,0.010930199678678656,0.0,9.89,10.02,10.15,N/A,-1.0,-1.0,none
ASAS15cb,0.04001,0.0411361,1.110301828434523,0.04351877159407786,17.734104118868682,0.0735303709593761,5.2,0.0279,0.0028,0.0001955,CSPII,Ia,0.583,1,0,0.10208314352264125,0.07923132751635208,0.0,10.17,10.28,10.4,N/A,-1.0,-1.0,none
ASAS15cd,0.0342863,0.0353887,1.0125940635941202,0.00709744851766303,17.47804371179784,0.010730274723176619,-0.1,0.0261,0.0026,-5.615e-07,CSPII,Ia,0.983,1,0,-0.020460670898575728,0.01174035624630064,0.0,9.85,9.95,10.02,N/A,-1.0,-1.0,none
ASAS15da,0.0487,0.0488203,0.8360269262574269,0.023384833821294367,18.283652835579897,0.06863237090964998,5.2,0.0303,0.003,-2.055e-05,CSPII,Ia,0.973,1,0,-0.13762649367141577,0.0783068365194478,0.0,10.23,10.4,10.48,N/A,-1.0,-1.0,none
ASAS15db,0.01099,0.0113676,0.922299103338607,0.0033724358615857142,15.077321699528579,0.006681234255554004,-2.8,0.029,0.0029,-2.016e-06,CSPII,Ia,0.975,0,0,0.08275731060430225,0.006961818862957195,0.0,9.98,10.11,10.19,N/A,-1.0,-1.0,none
ASAS15dd,0.0243567,0.0247417,0.827711718606551,0.00504988710685538,16.636406363049094,0.00905425811389818,2.0,0.0461,0.0046,-3.691e-06,CSPII,Ia,0.962,0,0,-0.010798439153141715,0.010118851762298863,0.0,10.31,10.41,10.52,N/A,-1.0,-1.0,none
ASAS15eb,0.01647,0.0173082,0.824006586188249,0.011123202210972214,15.914623742059995,0.02316959974019848,1.7,0.1652,0.0165,-9.393e-05,CSPII,Ia,0.978,0,1,-0.14276041976749454,0.01669493053277126,0.0,10.79,10.96,11.4,N/A,-1.0,-1.0,none
ASAS15fr,0.0334133,0.0345082,0.8829034503050154,0.019042961288092325,17.514086144437105,0.06107373938560773,4.5,0.0321,0.0032,-9.79e-06,CSPII,Ia-91T,0.978,1,1,-0.1265721586850539,0.06462507165178194,0.0,9.89,9.98,10.06,N/A,-1.0,-1.0,none
ASAS15ga,0.0066267,0.0076517,0.5038508911018669,0.03382120988599786,15.054770064860115,0.19657509454042787,2.4,0.0236,0.0024,-0.0004359,CSPII,Ia-91bg,0.966,0,1,0.36047345842032286,0.04511764666573256,0.0,10.18,10.38,10.48,N/A,-1.0,-1.0,none
ASAS15go,0.01891,0.0192546,1.1108357511146305,0.011371032881214138,16.44660034612534,0.011101554607127815,-0.7,0.1369,0.0137,1.413e-06,CSPII,Ia,0.981,0,1,0.20753327025145474,0.008111940454670622,0.0,10.04,10.18,10.27,N/A,-1.0,-1.0,none
ASAS15gr,0.0242832,0.0247678,1.0716227156643559,0.008549814476624304,16.587664667683388,0.009142495412976669,0.1,0.0823,0.0082,-6.062e-06,CSPII,Ia,0.983,0,1,-0.04040375551728914,0.006670080752702715,0.0,8.82,8.94,9.02,N/A,-1.0,-1.0,none
ASAS15hf,0.0061733,0.0072452,0.9142476932411062,0.004963121473595943,14.536564259285777,0.01294258535933732,-4.5,0.0854,0.0085,1.984e-06,CSPII,Ia,0.961,0,1,0.005826439801555949,0.009441380117698335,0.0,9.39,9.56,9.97,N/A,-1.0,-1.0,none
ASAS15hg,0.02975,0.0308678,0.8014744677667703,0.0185234940465462,17.337679824186893,0.05906123236462322,4.4,0.041,0.0041,-2.119e-06,CSPII,Ia,0.985,1,0,0.046214161575537815,0.06256779924003109,0.0,10.3,10.42,10.51,N/A,-1.0,-1.0,none
ASAS15hx,0.0083,0.0092051,1.0657269468765547,0.00497069271067111,13.981949200091213,0.007679008570450684,-7.8,0.0415,0.0042,8.284e-07,CSPII,Ia,0.909,0,1,-0.020037254268361337,0.006339919285851018,0.0,7.06,7.45,7.89,N/A,-1.0,-1.0,none
CSP12G,0.0369744,0.0379661,1.1893571927143187,0.025964476745054987,17.709940302622293,0.06350448772187944,11.9,0.0283,0.0028,0.0001911,CSPII,Ia,0.985,1,0,0.13822230450452722,0.07296136435132596,0.0,8.29,8.41,8.49,N/A,-1.0,-1.0,none
CSP12J,0.01468,0.0149235,0.48932402391813434,0.027708652406249,15.850280595473212,0.07748161037580692,5.1,0.0678,0.0068,-4.636e-05,CSPII,Ia,0.917,0,0,0.3516625127127835,0.1353035977469993,0.0,9.97,10.09,10.2,N/A,-1.0,-1.0,none
CSP12N,0.0971328,0.0982741,1.1228980951906948,0.013802503463170947,19.643295122874342,0.012059556241780114,-5.6,0.0429,0.0043,6.937e-06,CSPII,Ia,0.985,1,0,-0.11207799603605295,0.010054262894707287,0.0,7.32,7.51,7.66,N/A,-1.0,-1.0,none
CSP13N,0.04776,0.0487969,1.1099733142695554,0.026705401099479484,17.825858201181752,0.05999147758656073,6.2,0.0238,0.0024,4.548e-05,CSPII,Ia-91T,0.976,1,0,0.024746860587306685,0.06274837024419688,0.0,9.88,10.07,10.24,N/A,-1.0,-1.0,none
CSP13Q,0.089,0.0887656,0.7583965472816409,0.16987379730491564,19.558451727518754,0.10435642150159223,4.2,0.0287,0.0029,-0.009225,CSPII,Ia,0.986,1,0,-0.05283337713345304,0.0853934602061449,0.0,10.06,10.25,10.74,N/A,-1.0,-1.0,none
CSP13V,0.0599585,0.0611394,1.2198246033544462,0.05799247792070526,18.660700227715548,0.04128231907007605,20.1,0.0474,0.0047,0.000253,CSPII,Ia,0.987,0,0,-0.25488680387767104,0.1624309156284073,0.0,11.5,11.5,11.5,N/A,-1.0,-1.0,none
CSP13Z,0.0788454,0.0800694,1.1890245388686247,0.017496466452640958,18.954924896455733,0.014072040345986346,-4.5,0.0484,0.0048,8.964e-05,CSPII,Ia-91T,0.98,1,0,-0.005428484612107098,0.01282920844118127,0.0,8.25,8.35,8.85,N/A,-1.0,-1.0,none
CSP13aad,0.0868,0.0865709,1.1891465047189105,0.039448638466027565,19.260843632029232,0.07254277269007031,6.0,0.0206,0.0021,0.0002213,CSPII,Ia,0.979,1,0,0.05326821005495219,0.07964358702406293,0.0,9.59,9.65,9.8,N/A,-1.0,-1.0,none
CSP13aaf,0.0775863,0.0787193,1.1892781366409133,0.022392237816475244,19.10251800352074,0.010440966466641756,-2.5,0.0222,0.0022,1.775e-05,CSPII,Ia,0.978,1,0,-0.04842820309837492,0.009337764810519065,0.0,10.53,10.66,11.04,N/A,-1.0,-1.0,none
CSP13aam,0.0749481,0.0750921,1.0971638908421857,0.023418353009869587,18.979920380635953,0.012898496023179142,1.8,0.1643,0.0164,3.04e-05,CSPII,Ia,0.968,1,0,-0.13720291868704848,0.014102909089547259,0.0,8.65,9.05,9.23,N/A,-1.0,-1.0,none
CSP13aao,0.0613575,0.0616022,0.66135455361396,0.05067479301039264,18.644525941542813,0.04867057339944708,2.8,0.0444,0.0044,-0.001468,CSPII,Ia,0.978,1,0,0.13337579919816633,0.03701348552136114,0.0,9.8,9.93,10.09,N/A,-1.0,-1.0,none
CSP13aaq,0.0597586,0.0597706,0.9983388243446629,0.011277156907126868,18.73045618126588,0.016771399129098766,-3.4,0.0293,0.0029,4.455e-06,CSPII,Ia,0.969,1,0,-0.04270137164889576,0.013835866566644107,0.0,11.5,11.5,11.5,N/A,-1.0,-1.0,none
CSP13aay,0.0589592,0.0587551,1.1212566644510051,0.01781802864879241,18.84552128248618,0.01149298567864875,1.4,0.0159,0.0016,2.223e-05,CSPII,Ia,0.955,1,0,0.05388705060170196,0.009704644371608239,0.0,11.5,11.5,11.5,N/A,-1.0,-1.0,none
CSP13abl,0.0403721,0.0406288,0.81208195889995,0.04998035192451038,19.38230777753278,0.022675933740012873,-2.5,0.0862,0.0086,0.0004373,CSPII,Ia,0.42,1,0,1.0671188997156094,0.08007477061915151,0.0,8.9,8.91,9.04,N/A,-1.0,-1.0,none
CSP13abm,0.0281805,0.027529,1.1219374013843437,0.012138834054964775,17.16514225135,0.009185712725876444,-0.9,0.1485,0.0149,1.886e-05,CSPII,Ia,0.747,0,1,-0.011231890520161159,0.007962609604278418,0.0,11.5,11.5,11.5,N/A,-1.0,-1.0,none
CSP13abs,0.0771466,0.0783462,1.2173525952931454,0.014091176212104643,18.955313107845818,0.016737473772903886,-3.9,0.0208,0.0021,0.0001307,CSPII,Ia-91T,0.983,1,0,-0.051672921539932304,0.017460649405774614,0.0,6.23,6.36,6.48,N/A,-1.0,-1.0,none
CSP14aaq,0.0359133,0.0361755,0.8795120579274908,0.015614006468179883,17.38614220126873,0.031845719721384315,-3.6,0.0524,0.0052,5.993e-05,CSPII,Ia,0.986,1,0,-0.07927316626362924,0.024524311153368384,0.0,11.01,11.08,11.48,N/A,-1.0,-1.0,none
CSP14aar,0.0421708,0.0423854,0.9901659659789789,0.014351917292449204,17.84134087854133,0.009906023012895348,2.4,0.0934,0.0093,-3.176e-05,CSPII,Ia,0.986,1,0,-0.0035869054851360715,0.009416828024944642,0.0,8.9,9.07,9.42,N/A,-1.0,-1.0,none
CSP14abk,0.0797448,0.0797387,0.9072223678477174,0.03590604783301697,18.322922713837432,0.033256933247500724,-1.4,0.0663,0.0066,-6.586e-05,CSPII,Ia,0.0,0,0,0.11310088535545759,0.04074527785530416,0.0,11.5,11.5,11.5,N/A,-1.0,-1.0,none
CSP14abn,0.0225,0.0232746,0.988999335162392,0.005567102793901955,16.37767779313233,0.006327775197822098,2.0,0.0747,0.0075,-8.331e-06,CSPII,Ia,0.976,0,0,-0.025240148298770748,0.005218963194534256,0.0,9.59,9.75,10.24,N/A,-1.0,-1.0,none
CSP14acl,0.0299792,0.0289327,0.930889422932979,0.007727342232121422,17.513419650241143,0.015628260108754826,3.2,0.0264,0.0026,-2.673e-05,CSPII,Ia,0.081,0,0,-0.07636357928747728,0.01290768807101324,0.0,11.5,11.5,11.5,N/A,-1.0,-1.0,none
CSP14acy,0.0663741,0.0660269,1.1892321515914852,0.017761032793704175,18.323453925295734,0.020019789097381797,3.0,0.0174,0.0017,0.0002545,CSPII,Ia-91T,0.027,1,0,0.11707464331245987,0.02402583921145472,0.0,7.86,8.19,8.33,N/A,-1.0,-1.0,none
CSP14adc,0.03244,0.031651,0.7915048906581544,0.005650366087520649,17.462150387871972,0.011591563853658445,-0.6,0.0949,0.0095,1.306e-05,CSPII,Ia,0.976,1,1,0.22700188769233876,0.012968442772398803,0.0,10.67,10.81,11.14,N/A,-1.0,-1.0,none
CSP14ade,0.0624568,0.0626358,1.2371051702233022,0.013970637530069545,18.480010034310048,0.01625203967827342,-4.8,0.077,0.0077,6.943e-05,CSPII,Ia-91T,0.963,1,0,0.049547153818508605,0.01345927953910385,0.0,10.33,10.49,10.97,N/A,-1.0,-1.0,none
CSP15B,0.0198862,0.0208198,0.7090335113645417,0.006305187475348921,16.448507986883367,0.011733036377289445,-1.8,0.0641,0.0064,-5.759e-06,CSPII,Ia,0.966,0,1,0.11826262343482163,0.013038210410495769,0.0,10.78,10.95,11.42,N/A,-1.0,-1.0,none
CSP15aae,0.0161833,0.0169733,0.4737271206891694,0.004335356852306528,16.52478701805108,0.00912397511911545,-6.4,0.0226,0.0023,1.338e-05,CSPII,Ia-91bg,0.981,0,1,0.44496948031855155,0.00972843669032043,0.0,10.96,11.14,11.26,N/A,-1.0,-1.0,none
KISS13j,0.0765333,0.0776331,0.8029328425151352,0.026265420585776716,19.328618826718987,0.02753980138300486,1.5,0.0326,0.0033,1.667e-05,CSPII,Ia,0.963,1,0,0.13635588784962493,0.026072223659839425,0.0,9.65,9.83,10.21,N/A,-1.0,-1.0,none
KISS13l,0.1320086,0.1330018,1.057526342380831,0.10254432239566891,20.3348125681876,0.09641657176201782,4.8,0.0137,0.0014,-0.000193,CSPII,Ia,0.987,1,0,-0.014545279469960093,0.09792805867963789,0.0,8.32,8.69,8.85,N/A,-1.0,-1.0,none
KISS13v,0.0954,0.0962132,1.0115261192854943,0.023751724050840903,19.763133175236693,0.019554283461300566,-5.8,0.0195,0.002,2.559e-05,CSPII,Ia,0.98,1,0,0.0863222061514115,0.019840687071490924,0.0,11.5,11.5,11.5,N/A,-1.0,-1.0,none
KISS15m,0.02432,0.0253844,0.38152680837760644,0.011106286784542611,17.750717726342188,0.027785906131373196,-6.8,0.0277,0.0028,0.0001528,CSPII,Ia-91bg,0.958,0,0,0.5860763572713985,0.044076861840611783,0.0,9.67,9.78,9.94,N/A,-1.0,-1.0,none
KISS15n,0.023084,0.0239783,1.2170890765286362,0.01025265357527124,16.060887790287683,0.013489154170320301,-11.4,0.0088,0.0009,3.41e-05,CSPII,Ia-91T,0.85,0,1,0.10473546394092459,0.01071474048365595,0.0,7.8,8.0,8.17,N/A,-1.0,-1.0,none
LSQ11bk,0.0402721,0.0400251,1.0790047515082009,0.01704154158971517,17.892979014246286,0.014251283601851381,2.6,0.0936,0.0094,-1.514e-05,CSPII,Ia,0.967,1,0,-0.09775407577618012,0.014955560653606585,0.0,6.5,6.53,6.59,N/A,-1.0,-1.0,none
LSQ11ot,0.02732,0.0273222,0.9836352963193358,0.005009071509935685,17.733688788274986,0.005789244136539158,-1.9,0.1581,0.0158,-8.9e-07,CSPII,Ia,0.976,1,1,0.33782250518768464,0.0075949985110738,0.0,10.0,10.17,10.22,N/A,-1.0,-1.0,none
LSQ11pn,0.0326533,0.0326611,0.5006112415934895,0.008112101864949248,17.567335286428296,0.01496273269266076,-4.7,0.1457,0.0146,1.915e-05,CSPII,Ia,0.948,1,1,0.25294129459879855,0.017057848868373464,0.0,10.52,10.7,10.8,N/A,-1.0,-1.0,none
LSQ12agq,0.0641556,0.0653581,1.189144048774344,0.02579940622461128,18.991303458492464,0.06213495215475113,5.9,0.0371,0.0037,9.42e-05,CSPII,Ia,0.986,1,0,0.12330170387716421,0.07303687191519384,0.0,9.29,9.3,9.43,N/A,-1.0,-1.0,none
LSQ12aor,0.0933354,0.0945588,0.8142696546160457,0.013745311693718365,19.804718781831845,0.019192104440248697,-2.6,0.0415,0.0042,-3.483e-05,CSPII,Ia,0.986,1,0,-0.07615906819555818,0.026988877825647073,0.0,9.67,9.85,10.15,N/A,-1.0,-1.0,none
LSQ12bld,0.0833623,0.084303,0.8470788973437422,0.009998571738857324,19.49911879213374,0.012531369761538364,-4.9,0.0233,0.0023,3.113e-05,CSPII,Ia,0.987,1,0,0.12111237094221394,0.01976266532014559,0.0,10.42,10.55,10.64,N/A,-1.0,-1.0,none
LSQ12btn,0.0541733,0.0552706,0.799089977131996,0.006982797403498785,18.66264774580842,0.010971553819525396,1.0,0.0333,0.0033,-2.313e-05,CSPII,Ia,0.986,1,0,0.10334797573748489,0.010408734174264165,0.0,10.84,10.9,10.94,N/A,-1.0,-1.0,none
LSQ12ca,0.0994,0.0995466,1.1891024893060553,0.033960753501900844,19.649994102732112,0.0718006724317515,7.3,0.0417,0.0042,0.0004372,CSPII,Ia,0.962,0,0,-0.06287629140799211,0.0789830744782809,0.0,10.34,10.44,10.64,N/A,-1.0,-1.0,none
LSQ12cda,0.1374948,0.1384035,0.8860321356585429,0.04788400311496106,20.441375717044505,0.08878217779396722,6.8,0.0284,0.0028,-0.003552,CSPII,Ia,0.859,1,0,0.11364535802652398,0.11202779505756348,0.0,9.69,9.82,9.98,N/A,-1.0,-1.0,none
LSQ12cdl,0.1079253,0.1090245,1.1441676520219697,0.038017317437939596,19.841044316042478,0.0696025594501054,3.8,0.0492,0.0049,-0.0003324,CSPII,Ia,0.986,1,0,-0.14223853077806936,0.07614422869880075,0.0,8.79,8.81,8.93,N/A,-1.0,-1.0,none
LSQ12fuk,0.0205857,0.0205571,1.012184565201616,0.006317125331009524,16.330005924557025,0.006243155258772605,3.2,0.0714,0.0071,-1.769e-05,CSPII,Ia,0.982,0,1,0.0253550428008964,0.013767582594705143,0.0,8.2,8.34,8.45,N/A,-1.0,-1.0,none
LSQ12fvl,0.05593,0.055977,0.588479279290891,0.008737506904470662,18.892505370140885,0.011964860364494508,-4.7,0.0179,0.0018,-3.117e-05,CSPII,Ia,0.981,1,0,0.24068596502901585,0.013304900504485311,0.0,10.55,10.74,10.93,N/A,-1.0,-1.0,none
LSQ12fxd,0.03122,0.0313344,1.094162291818893,0.007354639718858734,16.96620259729343,0.008571087996655428,-7.0,0.0217,0.0022,1.494e-05,CSPII,Ia,0.98,1,1,0.0192146691209949,0.006180377331936769,0.0,10.16,10.28,10.4,N/A,-1.0,-1.0,none
LSQ12gdj,0.0303033,0.0292813,1.1377793032918222,0.012428851532469792,16.67528308302062,0.009531251946486621,-8.3,0.0199,0.002,1.4e-05,CSPII,Ia-91T,0.969,1,1,-0.01867570470033364,0.01002183254720392,0.0,8.36,8.66,8.76,N/A,-1.0,-1.0,none
LSQ12gef,0.0641556,0.0631798,1.1393889894454527,0.021318443307443796,19.002453788466017,0.012144816618140555,3.0,0.0512,0.0051,0.0001219,CSPII,Ia,0.987,0,0,0.2959318492147318,0.01546592450790881,0.0,11.5,11.5,11.5,N/A,-1.0,-1.0,none
LSQ12gln,0.1020294,0.1021611,1.0931490719487302,0.025468737022835794,19.857228644512062,0.014909798246706808,-0.8,0.0201,0.002,3.767e-05,CSPII,Ia,0.986,1,0,-0.06789825153867213,0.012364115537887412,0.0,8.6,8.75,9.07,N/A,-1.0,-1.0,none
LSQ12gxj,0.0353,0.034596,1.099570603064363,0.01207075343384022,18.16564464419445,0.00781693115779826,-6.7,0.0571,0.0057,8.761e-06,CSPII,Ia,0.655,0,0,0.24811705452755461,0.00844654564573557,0.0,9.06,9.18,9.31,N/A,-1.0,-1.0,none
LSQ12gyc,0.0931355,0.0924863,1.1896881920747882,0.02813599685153026,19.550678320850494,0.013300884857702913,2.3,0.0211,0.0021,3.415e-05,CSPII,Ia,0.98,0,0,-0.03651405417258502,0.01254418079037942,0.0,11.5,11.5,11.5,N/A,-1.0,-1.0,none
LSQ12gzm,0.0999308,0.0993978,1.1894019554267472,0.05911306479268905,19.972190146496832,0.016762101083080874,-2.6,0.0208,0.0021,6.081e-05,CSPII,Ia,0.986,0,0,0.024952853905155337,0.018151287019577196,0.0,11.5,11.5,11.5,N/A,-1.0,-1.0,none
LSQ12hjm,0.0713506,0.0707978,0.9518982483749883,0.007773699370019477,18.971433239315846,0.0075842257341404715,-2.4,0.0246,0.0025,1.314e-06,CSPII,Ia,0.982,0,0,-0.04967669501327521,0.008001223078062798,0.0,9.93,10.09,10.25,N/A,-1.0,-1.0,none
LSQ12hno,0.0472673,0.0468084,0.9621671619569916,0.017495177913104742,18.44265955120287,0.01096486026700749,2.3,0.0994,0.0099,-5.696e-05,CSPII,Ia,0.983,1,0,0.06308611918424134,0.011274877700124426,0.0,7.64,7.7,7.9,N/A,-1.0,-1.0,none
LSQ12hnr,0.1243,0.1255265,1.1234289095143235,0.04281219826286322,20.282645407863434,0.06657531805734451,4.9,0.0324,0.0032,6.797e-05,CSPII,Ia,0.982,1,0,0.021375270778403177,0.0683155213590192,0.0,7.93,8.05,8.16,N/A,-1.0,-1.0,none
LSQ12hvj,0.0712507,0.0723911,1.1388821590215734,0.019205526937531445,19.070424505542665,0.015336421535525476,-2.6,0.0458,0.0046,5.08e-05,CSPII,Ia,0.986,1,0,0.10231310941090399,0.01158799980651196,0.0,8.79,9.05,9.22,N/A,-1.0,-1.0,none
LSQ12hxx,0.06936,0.0689135,1.1892088653673862,0.025283739269921283,18.8939564733912,0.019686497684228938,2.0,0.0153,0.0015,0.0001311,CSPII,Ia,0.986,1,0,0.10679312731353718,0.02128974180094052,0.0,10.28,10.45,10.58,N/A,-1.0,-1.0,none
LSQ12hzj,0.0334,0.0345752,0.9620492999523703,0.006273826268529365,17.26324173161331,0.00891301371598303,-0.8,0.0569,0.0057,-2.575e-06,CSPII,Ia,0.985,1,1,-0.05341610791900564,0.00896057229253411,0.0,9.32,9.35,9.73,N/A,-1.0,-1.0,none
LSQ12hzs,0.07208,0.0718169,1.0876680746655922,0.02061523374194451,19.245860356222586,0.011689291632280933,-4.6,0.0227,0.0023,1.214e-05,CSPII,Ia,0.985,1,0,0.10542042132140494,0.01243533543927934,0.0,9.88,10.02,10.42,N/A,-1.0,-1.0,none
LSQ13abo,0.0674467,0.0681328,0.8184690068077847,0.016027590639189487,19.152025483065444,0.01808195487810266,-4.1,0.0906,0.0091,0.0001332,CSPII,Ia,0.986,1,0,0.20821161047946646,0.030749979721995793,0.0,10.04,10.31,10.34,N/A,-1.0,-1.0,none
LSQ13aiz,0.0092,0.0102493,0.9497284120723332,0.0073778590878145565,14.235767899951755,0.02287031703059205,-5.1,0.0788,0.0079,9.174e-06,CSPII,Ia,0.716,0,1,0.09752347772348458,0.0091077258522662,0.0,8.12,8.24,8.34,N/A,-1.0,-1.0,none
LSQ13cwp,0.0666,0.0662474,0.9154627215926613,0.02315145095451081,18.92796495657496,0.02290266329390924,-3.4,0.1326,0.0133,2.486e-05,CSPII,Ia,0.986,1,0,0.10535838020433985,0.028397627104458693,0.0,10.39,10.54,10.7,N/A,-1.0,-1.0,none
LSQ13dby,0.0999308,0.0995683,1.1894707726619365,0.02845984350714914,19.944256601115853,0.017352622094028897,-2.8,0.0093,0.0009,1.596e-05,CSPII,Ia,0.865,1,0,-0.050839114654440465,0.015039784171067362,0.0,11.5,11.5,11.5,N/A,-1.0,-1.0,none
LSQ13dcy,0.0801,0.0800671,1.1893229073052793,0.04721964274113077,19.505724592240906,0.019360320369351997,-0.2,0.0408,0.0041,0.0001687,CSPII,Ia,0.929,1,0,0.09849232596534208,0.02372488158042018,0.0,9.01,9.18,9.34,N/A,-1.0,-1.0,none
LSQ13dhj,0.0935,0.0929027,1.2113998156002272,0.019380429626238888,19.718820589334605,0.018098122824614777,-3.7,0.0132,0.0013,8.71e-05,CSPII,Ia,0.985,1,0,0.04719383849769443,0.02349282816773634,0.0,8.27,8.63,8.78,N/A,-1.0,-1.0,none
LSQ13dkp,0.0689367,0.0685268,0.6319083692594976,0.011295065344461579,19.199926116056236,0.01420953629676308,-3.0,0.0145,0.0015,-2.827e-05,CSPII,Ia,0.963,1,0,0.011454269035318987,0.015517367058973651,0.0,10.61,10.8,10.92,N/A,-1.0,-1.0,none
LSQ13dpm,0.0508648,0.0520617,1.0726345666955528,0.0082231993726367,18.393283467794287,0.00712876330192625,-4.4,0.0529,0.0053,-3.693e-07,CSPII,Ia,0.984,1,0,-0.014659412198433586,0.007332973819493906,0.0,9.06,9.17,9.6,N/A,-1.0,-1.0,none
LSQ13dqh,0.1038,0.1035425,1.1890966945078225,0.03531843845015726,19.925033327331814,0.013544215515060794,-2.8,0.0501,0.005,7.213e-05,CSPII,Ia,0.969,1,0,-0.02909406970837125,0.01922423801598278,0.0,11.5,11.5,11.5,N/A,-1.0,-1.0,none
LSQ13dsm,0.0423707,0.0419767,0.881563865216367,0.004404646075528861,17.818388508850116,0.009637348841577138,-8.7,0.0088,0.0009,4.735e-06,CSPII,Ia,0.984,1,0,0.0010271690046401716,0.010538794110695679,0.0,8.85,9.01,9.14,N/A,-1.0,-1.0,none
LSQ13lq,0.0755477,0.0765051,1.08909194017065,0.0101853361998505,18.898887362529226,0.008446275647935835,-2.8,0.0215,0.0022,-4.637e-06,CSPII,Ia,0.951,1,0,-0.07590046725557542,0.007934884118026543,0.0,8.0,8.44,8.63,N/A,-1.0,-1.0,none
LSQ13pf,0.0860404,0.0870045,0.9283310244086889,0.044371436057078155,19.687942426479136,0.07332956919503199,4.4,0.0558,0.0056,-0.0001125,CSPII,Ia-91T,0.957,1,0,0.23070186790357283,0.08268974482924929,0.0,10.14,10.26,10.44,N/A,-1.0,-1.0,none
LSQ13ry,0.0298367,0.031032,0.8623921588477861,0.003780319345838472,17.23207279113247,0.009115743911540877,-9.2,0.0403,0.004,1.45e-05,CSPII,Ia,0.971,1,1,-0.027019893688375873,0.010368173453886851,0.0,9.54,9.64,9.7,N/A,-1.0,-1.0,none
LSQ13vy,0.0417711,0.0421068,0.8714341842585686,0.004284740526618485,18.107096293734923,0.009260316518891143,-2.8,0.0676,0.0068,8.242e-06,CSPII,Ia,0.985,1,0,0.09190399485112266,0.00773712429334117,0.0,10.15,10.17,10.33,N/A,-1.0,-1.0,none
LSQ14act,0.05905,0.0594518,0.706926709309095,0.009738168637678346,18.88231062616401,0.011503895847153542,-1.3,0.2269,0.0227,-3.104e-05,CSPII,Ia,0.976,1,0,-0.0052950155261477505,0.011859764130469984,0.0,10.07,10.17,10.61,N/A,-1.0,-1.0,none
LSQ14age,0.0805442,0.0815802,1.107167668955217,0.021413058676686518,19.35442210386136,0.01712080961134396,-8.8,0.0576,0.0058,4.164e-05,CSPII,Ia,0.976,1,0,-0.019258559195616698,0.01832282356372395,0.0,8.33,8.42,8.59,N/A,-1.0,-1.0,none
LSQ14ahc,0.0508648,0.0517592,1.2336708553826858,0.00896976231406197,18.064455678722144,0.009021870190736024,-5.3,0.0461,0.0046,4.287e-05,CSPII,Ia,0.986,1,0,-0.02364005648245282,0.010070697842839357,0.0,8.89,9.13,9.62,N/A,-1.0,-1.0,none
LSQ14ahm,0.0497655,0.0509869,1.2348440936301466,0.009188773848264041,18.15982470714961,0.012462450990748795,-7.7,0.0274,0.0027,2.355e-05,CSPII,Ia,0.986,1,0,-0.059704259178786856,0.012115960782471477,0.0,8.03,8.2,8.37,N/A,-1.0,-1.0,none
LSQ14ajn,0.02101,0.0221584,0.6435906012111599,0.006149949081021309,16.649450100191096,0.010023037134689878,1.3,0.0193,0.0019,-1.722e-05,CSPII,Ia,0.979,0,1,0.04903623132200963,0.01056004668962959,0.0,9.95,10.11,10.3,N/A,-1.0,-1.0,none
LSQ14asu,0.0683967,0.069594,0.7650671496679532,0.009068435075254361,19.394690939712145,0.011524922199089292,-1.3,0.0372,0.0037,-1.403e-05,CSPII,Ia,0.927,1,0,-0.0026888115666672263,0.012917660062844815,0.0,10.51,10.67,10.86,N/A,-1.0,-1.0,none
LSQ14auy,0.0824129,0.0832263,1.1307505764852137,0.022621479940099606,19.42158958732676,0.012298252204119814,-1.2,0.0669,0.0067,2.926e-05,CSPII,Ia,0.987,1,0,-0.004638276401223607,0.01154489609621088,0.0,10.61,10.74,11.19,N/A,-1.0,-1.0,none
LSQ14azy,0.0457633,0.0469322,1.1893627560088509,0.025816785478946547,18.205424426262386,0.06305921793024662,6.6,0.0164,0.0016,1.833e-05,CSPII,Ia,0.981,0,0,0.06925300198190953,0.06885335099578449,0.0,9.75,9.94,10.1,N/A,-1.0,-1.0,none
LSQ14ba,0.0775463,0.0787677,0.955182787191988,0.009744172161111973,19.325304566472706,0.012701777177461442,-3.5,0.0493,0.0049,3.199e-06,CSPII,Ia,0.986,1,0,0.06852142454192744,0.017129557247671342,0.0,9.3,9.47,9.87,N/A,-1.0,-1.0,none
LSQ14bbv,0.0587593,0.058439,1.0408385390373434,0.012264416568432678,18.61486314827522,0.009094965284748723,0.9,0.0464,0.0046,-2.191e-05,CSPII,Ia,0.986,0,0,0.014979392965290828,0.008851454762525869,0.0,10.9,11.02,11.14,N/A,-1.0,-1.0,none
LSQ14bjj,0.0811438,0.0819882,0.9727509786410234,0.010350610288798927,19.246647482372996,0.010545517676256408,-1.0,0.0408,0.0041,-1.469e-05,CSPII,Ia,0.986,1,0,-0.06671557091540592,0.012531556586433923,0.0,8.3,8.46,8.91,N/A,-1.0,-1.0,none
LSQ14fms,0.077946,0.0773231,0.7687809319845637,0.013480309419569793,19.350809814227862,0.018519863885443938,-0.5,0.0143,0.0014,-4.275e-05,CSPII,Ia,0.986,1,0,0.15631068838949957,0.020953167415098353,0.0,10.0,10.11,10.49,N/A,-1.0,-1.0,none
LSQ14foj,0.0460667,0.0451705,1.05043410006116,0.013193069481313404,17.99087091377819,0.012085958759669899,-7.4,0.0121,0.0012,2.312e-05,CSPII,Ia,0.986,1,0,0.07759539625375567,0.013096620048984946,0.0,8.33,8.44,8.7,N/A,-1.0,-1.0,none
LSQ14fom,0.05626,0.0553279,0.9153699998956051,0.009627257150977727,18.355233534051532,0.012184721443857141,-4.9,0.0184,0.0018,9.546e-06,CSPII,Ia,0.978,1,0,0.030856275288474677,0.011889115308778375,0.0,9.4,9.54,9.72,N/A,-1.0,-1.0,none
LSQ14gfb,0.0527067,0.0527873,0.5801780077861078,0.03737570691117132,19.085380819854443,0.08102112186010951,7.5,0.0159,0.0016,-0.0005091,CSPII,Ia,0.985,1,0,0.5088513522798834,0.06812001797627898,0.0,10.11,10.3,10.64,N/A,-1.0,-1.0,none
LSQ14gfn,0.1216158,0.1210925,0.992490873100133,0.03140548574670776,20.23687560881141,0.024558014764071965,-0.5,0.0332,0.0033,-0.0001516,CSPII,Ia,0.967,1,0,0.06359187197498528,0.02326844118628623,0.0,10.42,10.54,10.88,N/A,-1.0,-1.0,none
LSQ14ghv,0.0666539,0.0662566,0.92278148774496,0.009766949550248337,19.0638181729243,0.00997986932810134,-0.3,0.0088,0.0009,-2.837e-05,CSPII,Ia,0.981,1,0,-0.012686675553776894,0.010365661221218183,0.0,10.06,10.18,10.31,N/A,-1.0,-1.0,none
LSQ14gov,0.089538,0.0892443,1.1317483330620823,0.016078378552973463,19.432427909883685,0.01251875618218037,-6.3,0.0357,0.0036,1.323e-05,CSPII,Ia,0.985,1,0,-0.08892181137904487,0.010621676031999068,0.0,8.85,9.02,9.19,N/A,-1.0,-1.0,none
LSQ14ie,0.089538,0.0905466,1.224311809547422,0.015843323587126954,19.629807788199482,0.014680013304241955,-5.2,0.0717,0.0072,3.821e-05,CSPII,Ia,0.983,1,0,-0.025203036623047126,0.014715135151507184,0.0,7.95,8.08,8.21,N/A,-1.0,-1.0,none
LSQ14ip,0.0612967,0.0624196,0.5058019706621004,0.0102208678682216,19.361905970455144,0.016291866552856332,-6.8,0.0373,0.0037,3.007e-05,CSPII,Ia,0.987,1,0,0.32736235838119043,0.023279501995184703,0.0,10.01,10.18,10.31,N/A,-1.0,-1.0,none
LSQ14jp,0.04539,0.0464896,0.6416152284622906,0.009150403041678225,18.430199186837616,0.010657149292158228,-6.6,0.053,0.0053,-1.48e-05,CSPII,Ia,0.986,1,0,0.12308976540466432,0.01038333872411681,0.0,10.48,10.54,10.81,N/A,-1.0,-1.0,none
LSQ14mc,0.05662,0.0575661,0.9496897081171926,0.005824130536061276,18.519239788332847,0.007735289338385437,-3.2,0.0207,0.0021,-2.778e-08,CSPII,Ia,0.986,1,0,-0.005560316594781511,0.007997570602025522,0.0,9.16,9.17,9.43,N/A,-1.0,-1.0,none
LSQ14q,0.0669503,0.067871,0.936891243967798,0.0061608442125695075,18.853674842635808,0.00963555082542628,-9.3,0.0198,0.002,5.072e-06,CSPII,Ia,0.987,1,0,-0.014013282406832417,0.011856440322743531,0.0,8.92,9.32,9.42,N/A,-1.0,-1.0,none
LSQ14wp,0.0694519,0.0706148,1.1244784181139411,0.013804987821924236,18.760152608953693,0.011029226576147683,-4.7,0.0207,0.0021,2.78e-05,CSPII,Ia-91T,0.984,1,0,-0.04930491161074002,0.009723599567975446,0.0,7.23,7.48,7.59,N/A,-1.0,-1.0,none
LSQ14xi,0.0507429,0.0519014,1.0902603741477106,0.014599491641961605,18.51480675503152,0.011488575576515291,-5.6,0.0368,0.0037,2.521e-05,CSPII,Ia,0.986,1,0,0.21750344894216767,0.011574597636161997,0.0,10.77,10.9,11.07,N/A,-1.0,-1.0,none
LSQ15aae,0.0515643,0.0517701,1.228446468724947,0.008231734856530674,18.304888305333026,0.009953033466333912,-2.9,0.0616,0.0062,2.608e-05,CSPII,Ia-91T,0.982,1,0,0.09524257866020847,0.009474801756903546,0.0,10.1,10.27,10.46,N/A,-1.0,-1.0,none
LSQ15agh,0.0599585,0.0610193,1.2053485229544694,0.00783576971335403,18.508733713166265,0.00903454626684042,-2.6,0.0216,0.0022,1.855e-05,CSPII,Ia,0.987,1,0,-0.03804325975292144,0.008723970775245291,0.0,9.72,9.87,9.99,N/A,-1.0,-1.0,none
LSQ15aja,0.0699516,0.0699657,1.0324888071490732,0.009158049584095997,18.864725681987494,0.015847410099631663,-5.7,0.0545,0.0054,1.239e-05,CSPII,Ia,0.984,1,0,-0.07590920355960762,0.009873427812777561,0.0,7.34,7.46,7.58,N/A,-1.0,-1.0,none
LSQ15alq,0.0470667,0.0480953,0.9103808698711225,0.006023966937587692,17.94873180449869,0.008208783727581824,-8.9,0.0668,0.0067,3.504e-06,CSPII,Ia,0.97,1,0,0.013706521488487056,0.008580171727406726,0.0,10.22,10.4,10.82,N/A,-1.0,-1.0,none
LSQ15bv,0.0689,0.0701168,0.9754036430897677,0.015345580764148116,18.910304868614467,0.016982952332143055,1.7,0.0443,0.0044,-4.863e-05,CSPII,Ia,0.985,1,0,-0.0033343052522809558,0.020210277098775146,0.0,10.39,10.56,10.77,N/A,-1.0,-1.0,none
PS1-13eao,0.0377533,0.037362,0.8746493319455376,0.043035979752142524,19.279500025541367,0.019305163461145868,1.1,0.0107,0.0011,-0.0001626,CSPII,Ia,0.0,1,0,1.5262494148236456,0.1282269157760808,0.0,10.56,10.73,11.04,N/A,-1.0,-1.0,none
PS1-14ra,0.0280833,0.0287982,0.7743093568715749,0.0035687052321880315,17.08317800281111,0.006566236750669254,2.3,0.023,0.0023,-3.114e-06,CSPII,Ia,0.984,1,1,0.042175662690866034,0.00766790718663862,0.0,10.35,10.65,10.72,N/A,-1.0,-1.0,none
PS1-14rx,0.0669536,0.0680019,0.8268733314796821,0.014629872592795372,19.14202371175036,0.02322826499539536,-5.4,0.0266,0.0027,0.0001515,CSPII,Ia,0.981,1,0,0.011990640941178299,0.028211173136445323,0.0,9.77,9.89,10.06,N/A,-1.0,-1.0,none
PS1-14xw,0.0245,0.0245957,1.0593448243094714,0.011069457264335216,16.492307677488608,0.009376227260791535,0.3,0.0656,0.0066,-1.344e-05,CSPII,Ia,0.975,0,0,0.025146456030512354,0.007459695957480218,0.0,11.11,11.24,11.71,N/A,-1.0,-1.0,none
PS15sv,0.033277,0.0335844,1.1890240291710008,0.008463818717815121,17.117834277776254,0.011844626811575765,0.1,0.0782,0.0078,4.121e-05,CSPII,Ia-91T,0.977,1,1,-0.003537498336466882,0.011738633181104168,0.0,8.2,8.31,8.56,N/A,-1.0,-1.0,none
PTF11pbp,0.0289033,0.0276702,1.1891074483577748,0.0057621852530998835,16.897546448972836,0.007828479194448922,-3.5,0.0507,0.0051,1.978e-05,CSPII,Ia,0.984,1,1,0.06464760280727688,0.006645398926419621,0.0,10.73,10.88,10.97,N/A,-1.0,-1.0,none
PTF11ppn,0.0672534,0.0661869,0.5994536441439199,0.04825202187059924,18.86466158399655,0.09676629426985148,8.8,0.132,0.0132,-0.0004413,CSPII,Ia-91bg,0.154,1,0,0.2347423169070666,0.2207261401138445,0.0,10.96,11.02,11.06,N/A,-1.0,-1.0,none
PTF11pra,0.0175433,0.0167242,0.39815742750574673,0.01918919176832953,17.03947599135241,0.06276756924671564,0.5,0.0243,0.0024,5.205e-06,CSPII,Ia,0.981,0,0,0.9131788034710766,0.06727027545828798,0.0,10.57,10.68,10.75,N/A,-1.0,-1.0,none
PTF11qnr,0.0162167,0.0149985,0.8086703037997617,0.00796029221376488,15.91972230664801,0.009730201740999752,-6.8,0.0556,0.0056,1.621e-05,CSPII,Ia,0.979,0,1,0.27622473801554115,0.01136427459339086,0.0,10.38,10.65,10.7,N/A,-1.0,-1.0,none
PTF13anh,0.0614575,0.0624543,0.9639446246854856,0.010095504725760318,18.755253963561056,0.012642032873738353,-7.4,0.0224,0.0022,1.904e-05,CSPII,Ia,0.979,1,0,-0.1476483640995312,0.03170730011238587,0.0,7.29,7.48,7.66,N/A,-1.0,-1.0,none
PTF13duj,0.01694,0.015867,1.1891115228212632,0.015200722218527677,15.755815881602773,0.017851819085531198,-4.1,0.0665,0.0067,5.754e-05,CSPII,Ia,0.965,0,1,0.059323176864818805,0.014086712452095893,0.0,10.61,10.73,10.82,N/A,-1.0,-1.0,none
PTF13dwl,0.0874395,0.0863561,1.1892507633952787,0.03658724289494408,19.29657320760804,0.017256937775063916,-1.8,0.0613,0.0061,2.886e-05,CSPII,Ia,0.987,1,0,0.008773405801953515,0.01591192472340826,0.0,8.42,8.74,8.98,N/A,-1.0,-1.0,none
PTF13dym,0.04213,0.0409061,0.4916414642429053,0.023192382674107486,17.8314261322154,0.04115509967037291,-5.4,0.0379,0.0038,8.497e-05,CSPII,Ia-91bg,0.0,1,0,0.07443244991713271,0.044022900008990465,0.0,9.25,9.45,9.88,N/A,-1.0,-1.0,none
PTF13dyt,0.1099239,0.109862,0.6688824138550984,0.06171235667726299,19.934974962273596,0.25131180617182847,-3.9,0.0458,0.0046,0.0002735,CSPII,Ia-pec,,0,0,-0.33115126589632027,0.09952245329815936,0.0,11.5,11.5,11.5,N/A,-1.0,-1.0,none
PTF13ebh,0.01326,0.012484,0.607971052123375,0.0043736398024574585,15.315624691193202,0.009418133225510592,-11.6,0.0668,0.0067,-1.175e-06,CSPII,Ia,0.975,0,1,0.12357665014175012,0.00747273923844612,0.0,10.8,10.86,11.02,N/A,-1.0,-1.0,none
PTF13efe,0.0749481,0.0758465,1.2293055145077387,0.010632376502802956,19.117785736561146,0.013325409519249265,-6.1,0.0213,0.0021,3.433e-05,CSPII,Ia,0.987,1,0,-0.029063038356877513,0.01464224728085973,0.0,11.5,11.5,11.5,N/A,-1.0,-1.0,none
PTF13ez,0.0434699,0.0445375,0.8576241403557985,0.009210106917480138,17.899742429775305,0.018190130402021255,0.9,0.0429,0.0043,-1.248e-05,CSPII,Ia,0.982,1,0,0.15669775607065262,0.03464487068243697,0.0,9.52,9.71,9.84,N/A,-1.0,-1.0,none
PTF14aaf,0.0588167,0.0595653,1.1891976322294597,0.010005399309899615,18.62261559673886,0.01010865742754711,-8.9,0.0288,0.0029,5.011e-05,CSPII,Ia,0.986,0,0,0.0625124068477767,0.010895398205979205,0.0,11.5,11.5,11.5,N/A,-1.0,-1.0,none
PTF14aje,0.0276708,0.0282271,0.6849135249974755,0.006207098476525933,17.771165877988064,0.008995876678711458,-3.2,0.1524,0.0152,-1.417e-05,CSPII,Ia,0.978,1,0,0.5820806261752267,0.013239914850186585,0.0,10.64,10.78,10.84,N/A,-1.0,-1.0,none
PTF14fpg,0.034,0.03283,1.2143053146522862,0.007668520272219966,17.63545789391101,0.011669138555746434,-5.6,0.0258,0.0026,9.852e-06,CSPII,Ia,0.784,1,1,-0.023743355373994746,0.009923292747645678,0.0,11.5,11.5,11.5,N/A,-1.0,-1.0,none
PTF14gnl,0.05369,0.0525349,1.0537568745140888,0.022059484144966467,18.221173464518795,0.02918919037515909,-8.9,0.0268,0.0027,-2.92e-06,CSPII,Ia,0.984,1,0,-0.044221658750014825,0.028259690015747442,0.0,9.86,10.06,10.5,N/A,-1.0,-1.0,none
PTF14uo,0.0912368,0.0922406,1.0332874728884265,0.017535203016030055,19.524858803039155,0.010833686325920905,-2.7,0.0161,0.0016,2.283e-05,CSPII,Ia,0.987,1,0,-0.04984452118577565,0.010710521324487925,0.0,8.86,9.0,9.48,N/A,-1.0,-1.0,none
PTF14w,0.0188933,0.0200839,0.729054449163264,0.002927417761324599,16.555364074293472,0.00565096049177693,-4.1,0.0205,0.0021,-8.458e-07,CSPII,Ia,0.975,0,1,0.039192913359759274,0.00578730085300577,0.0,8.96,9.14,9.3,N/A,-1.0,-1.0,none
PTF14yw,0.01697,0.0180604,0.8487883429532601,0.006283735634714732,16.508389899174606,0.013394412688462025,-1.4,0.0255,0.0026,1.104e-05,CSPII,Ia,0.411,0,1,-0.03905842479827726,0.011438661986415643,0.0,10.16,10.24,10.59,N/A,-1.0,-1.0,none
PTF14yy,0.0429703,0.0440905,0.8189302720272055,0.007578961711497332,18.494849442586656,0.009792653876338013,-4.2,0.0198,0.002,2.493e-05,CSPII,Ia,0.986,1,0,0.27213479970523835,0.017354481957900462,0.0,9.25,9.41,9.52,N/A,-1.0,-1.0,none
SN1990N,0.003,0.0040676,1.1223844170539505,0.009114596366103256,13.294643588544188,0.010223437983525461,-7.8,0.0223,0.0022,1.064e-05,,,,,,0.067615362919355,0.01004337436315437,0.0,10.07,10.14,10.24,N4639,31.53,0.07,c
SN1994ae,0.004,0.0051205,1.0458676969148153,0.006984929524307544,13.690883618827401,0.009240816337139995,-8.7,0.0262,0.0026,5.011e-06,,,,,,0.066755761017248,0.010141541459867592,0.0,9.55,9.69,9.83,N3370,32.05,0.05,c
SN1995al,0.005,0.0058765,1.126281240579602,0.015881944702267198,13.854707243727091,0.00922162353491519,-0.9,0.0117,0.0012,6.059e-05,,,,,,0.15032313964277932,0.012338531354981277,0.0,9.76,9.87,9.97,N3021,32.5,0.09,c
SN1998aq,0.003697,0.0042623,0.9488692348671017,0.004763633130697353,13.09252776359796,0.007588604716045923,-6.9,0.0122,0.0012,2.109e-06,,,,,,-0.08137966343043956,0.009902195796261795,0.0,9.86,10.02,10.1,N3982,31.74,0.07,c
SN2001el,0.003896,0.0036761,0.9516082602833545,0.006160887124492825,13.100169829425628,0.01124051921383064,-7.6,0.0121,0.0012,6.423e-06,,,,,,0.16443847879044426,0.010916183193301864,0.0,10.34,10.34,10.34,N1448,31.28,0.06,c
SN2002fk,0.00712,0.0066137,0.9794505497681932,0.00469286179842455,13.88456628550471,0.00732710743054992,-8.9,0.0344,0.0034,3.808e-06,,,,,,-0.07665128929330223,0.0077812491136330115,0.0,9.78,9.94,10.64,N1309,32.52,0.06,c
SN2003du,0.0063844,0.0066521,1.0061957426781694,0.004037730959792547,14.232530417155463,0.005505241014866731,-7.1,0.0081,0.0008,1.669e-06,,,,,,-0.05623894522033801,0.006077379456984247,0.0,8.47,8.6,8.74,U9391,32.92,0.06,c
SN2004ef,0.0309667,0.02977,0.8161590078214337,0.0027294511831934404,17.292178320780998,0.005451767499089877,-6.3,0.0458,0.0046,4.657e-06,CSPI,Ia,0.981,0,0,0.12989025823144829,0.004766586277426446,0.0,10.63,10.74,10.8,N/A,-1.0,-1.0,none
SN2004eo,0.01569,0.0147367,0.8177815913873123,0.004572588541434202,15.525493803830699,0.009164296521326155,-9.5,0.093,0.0093,7.93e-06,CSPI,Ia,0.979,0,0,0.049760917432616125,0.01086340104457306,0.0,11.03,11.16,11.35,N/A,-1.0,-1.0,none
SN2004ey,0.0157767,0.0146267,1.0104359530897171,0.0026159366873492627,15.537589029945995,0.0038264533123617884,-5.5,0.1197,0.012,1.47e-06,CSPI,Ia,0.973,0,0,-0.042691792741306855,0.0033045832969122078,0.0,9.76,10.06,10.41,N/A,-1.0,-1.0,none
SN2004gs,0.0266267,0.0282767,0.6893076459552173,0.00434493009618631,17.355513777706197,0.00795265308938801,-1.9,0.0257,0.0026,-2.331e-06,CSPI,Ia,0.982,0,0,0.19431149613741638,0.006905673239132434,0.0,10.57,10.63,10.7,N/A,-1.0,-1.0,none
SN2004gu,0.0458267,0.0468967,1.2502537951142099,0.010689368326188003,18.037162043839107,0.013464222586860291,-1.9,0.0223,0.0022,5.316e-05,CSPI,Ia-06gz,0.986,0,0,0.15400851330220178,0.01600522206489448,0.0,9.74,10.02,10.19,N/A,-1.0,-1.0,none
SN2005A,0.0191267,0.01834,0.9629871910804558,0.01146418041769669,16.966116755919593,0.017250160156245423,-0.2,0.0259,0.0026,-1.2e-06,CSPI,Ia,0.976,0,0,1.0006005292161895,0.02452970358385006,0.0,11.07,11.19,11.26,N/A,-1.0,-1.0,none
SN2005M,0.0219967,0.02558,1.2084347560593633,0.002428229671461886,16.53033264509403,0.0037024662993150183,-5.5,0.0273,0.0027,6.408e-06,CSPI,Ia-91T,0.984,0,0,0.0318053917657064,0.0032603702782736704,0.0,8.38,8.8,8.92,N/A,-1.0,-1.0,none
SN2005W,0.0088833,0.00795,0.9229711905346664,0.008234320087897687,14.53611766634615,0.008959827693969169,-4.6,0.0615,0.0062,1.789e-06,CSPI,Ia,0.967,0,0,0.16400987057986605,0.008430211950215509,0.0,9.75,9.9,10.0,N/A,-1.0,-1.0,none
SN2005ag,0.07937,0.08008,1.189552760381888,0.007293145201188347,19.178297446620736,0.00924116500841791,2.0,0.0331,0.0033,1.939e-05,CSPI,Ia,0.982,0,0,-0.020971355613507825,0.007284639820796571,0.0,10.84,10.9,10.95,N/A,-1.0,-1.0,none
SN2005al,0.0123933,0.0132867,0.8580170671470898,0.0033986019670602576,15.645274432593803,0.007189886859912697,1.8,0.0483,0.0048,2.32e-06,CSPI,Ia,0.909,0,0,-0.05465558064413223,0.006533437468101354,0.0,10.4,10.49,10.63,N/A,-1.0,-1.0,none
SN2005am,0.0078933,0.0089667,0.724676150838378,0.0033007375728954943,14.160982349490135,0.006698277604321773,1.9,0.0433,0.0043,-6.756e-07,CSPI,Ia,0.934,0,0,0.0667187684113344,0.00548224990239898,0.0,10.68,10.83,11.26,N/A,-1.0,-1.0,none
SN2005be,0.035,0.0355767,0.7600415396459912,0.018311997638943957,17.52868420341054,0.05940082946065521,8.6,0.0294,0.0029,-3.903e-05,CSPI,Ia,0.985,0,0,0.028629692668154405,0.06742611754105911,0.0,10.25,10.4,10.5,N/A,-1.0,-1.0,none
SN2005bg,0.02307,0.0241567,1.0022101069641194,0.026871014405013084,16.58375299340412,0.06277384404674446,7.1,0.0264,0.0026,-0.0001314,CSPI,Ia,0.983,0,0,0.04514219336481595,0.061276277641013635,0.0,9.72,9.91,10.02,N/A,-1.0,-1.0,none
SN2005bl,0.0240433,0.0251133,0.3869650696811402,0.012383863955197557,17.834177676041083,0.03169126029548969,-7.3,0.025,0.0025,9.484e-05,CSPI,Ia-91bg,0.98,0,0,0.7046074106433942,0.03667138354643144,0.0,10.89,11.01,11.2,N/A,-1.0,-1.0,none
SN2005bo,0.0138867,0.0150133,0.8496907064750788,0.007097149893115778,15.7220417327809,0.00838736988099584,2.7,0.0396,0.004,-2.003e-05,CSPI,Ia,0.962,0,0,0.24663360739399742,0.007466366951968407,0.0,10.34,10.5,10.65,N/A,-1.0,-1.0,none
SN2005cf,0.0064611,0.007045,0.9699803533924348,0.006465867991547619,14.020285332330564,0.00806926546907076,-9.1,0.0968,0.0097,1.28e-06,,,,,,0.0695490217956447,0.010854842615371157,0.0,9.6,9.65,9.6,N5917,32.26,0.1,c
SN2005el,0.0149,0.0148833,0.8380175192576725,0.0033642059923062752,15.584368645499662,0.008989428170297867,-4.4,0.0976,0.0098,5.168e-06,CSPI,Ia,0.973,0,0,-0.057520002667885706,0.009478263991190653,0.0,10.7,10.84,11.24,N/A,-1.0,-1.0,none
SN2005eq,0.0289567,0.02835,1.1220165906353667,0.010355425593202858,16.956551790913043,0.011207126491840143,-0.9,0.0629,0.0063,2.917e-05,CSPI,Ia-91T,0.984,0,0,0.06047642994762725,0.00858488887915912,0.0,10.44,10.56,10.65,N/A,-1.0,-1.0,none
SN2005hc,0.0459067,0.0444967,1.1930182261833036,0.005788818822217382,18.072541933334346,0.0072402256201333825,-1.7,0.028,0.0028,1.286e-05,CSPI,Ia,0.98,0,0,0.01349642801116957,0.005478293054047155,0.0,10.52,10.6,10.65,N/A,-1.0,-1.0,none
SN2005hj,0.0579667,0.05695,1.2800622636625507,0.016358481367743778,18.484563155174417,0.01595467968273208,-0.0,0.0329,0.0033,9.779e-05,CSPI,Ia,0.984,0,0,0.08489333439666069,0.013241094596656757,0.0,9.22,9.32,9.38,N/A,-1.0,-1.0,none
SN2005iq,0.03402,0.03293,0.871791283293302,0.004472991977078826,17.46134138178738,0.008999830126444222,-2.5,0.0185,0.0019,1.022e-05,CSPI,Ia,0.965,0,0,-0.01987201702520025,0.007830286238536316,0.0,10.47,10.54,10.6,N/A,-1.0,-1.0,none
SN2005ir,0.0763067,0.0752333,1.1214337620702304,0.020661351374672784,19.103641821932804,0.01687692369981583,0.6,0.0265,0.0027,-3.676e-05,CSPI,Ia,0.984,0,0,0.0802929911155097,0.01484734705921337,0.0,9.12,9.23,9.37,N/A,-1.0,-1.0,none
SN2005kc,0.01511,0.01389,0.8985030318201861,0.005678838642429107,15.678540128148239,0.010658765665930586,-7.3,0.1137,0.0114,4.815e-06,CSPI,Ia,0.978,0,0,0.2396895206994163,0.010053013552120984,0.0,10.6,11.06,11.5,N/A,-1.0,-1.0,none
SN2005ke,0.0048767,0.0044833,0.4179903086804665,0.003435895909705469,14.289487753608888,0.011815421954215739,-10.4,0.02,0.002,6.177e-06,CSPI,Ia-91bg,0.953,0,0,0.651951870065318,0.011208540853564266,0.0,10.29,10.43,10.61,N/A,-1.0,-1.0,none
SN2005ki,0.0191933,0.02037,0.825107214212827,0.0027612743854724766,16.21514851903676,0.005754367667524841,-7.4,0.0267,0.0027,4.547e-06,CSPI,Ia,0.982,0,0,-0.02526468817889338,0.005906021527073003,0.0,10.62,10.8,10.86,N/A,-1.0,-1.0,none
SN2005ku,0.0454067,0.0441833,0.9497848612920947,0.040345620604364744,18.07769688834515,0.08228904912523788,3.8,0.0461,0.0046,-0.0001848,CSPI,Ia,0.986,0,0,0.10232093611583792,0.07962659886095974,0.0,9.96,10.04,10.1,N/A,-1.0,-1.0,none
SN2005lu,0.0319867,0.0312933,1.1298530779076372,0.03362804208027929,17.574919614273842,0.06583994555849826,12.6,0.0218,0.0022,-3.623e-05,CSPI,Ia,0.975,0,0,0.23749853161279688,0.07262517553171344,0.0,9.68,9.86,10.03,N/A,-1.0,-1.0,none
SN2005mc,0.0252033,0.0260067,0.6403355609707017,0.024507735024670796,17.213657429764336,0.06821593753435443,4.1,0.0379,0.0038,-5.658e-05,CSPI,Ia,0.982,0,0,0.30325329364991305,0.06891330535613176,0.0,10.85,10.95,11.1,N/A,-1.0,-1.0,none
SN2005na,0.0263033,0.0268133,0.9579823665502729,0.006179281859906267,16.651121186649856,0.010000729064183093,1.5,0.0681,0.0068,-6.803e-06,CSPI,Ia,0.976,0,0,-0.003865040165617728,0.009049657663605238,0.0,10.9,10.97,11.05,N/A,-1.0,-1.0,none
SN2006D,0.00852,0.00964,0.8143707631319489,0.0027608066624402908,14.62233853253507,0.006092318515520454,-2.3,0.0394,0.0039,3.331e-06,CSPI,Ia,0.972,0,0,0.10081964770224694,0.006128598946943159,0.0,9.54,9.76,9.85,N/A,-1.0,-1.0,none
SN2006X,0.0052367,0.00632,0.9721743247056506,0.005932873686346797,13.73289277175446,0.012521075217125584,-7.5,0.0228,0.0023,1.409e-06,CSPI,Ia,0.557,0,0,1.2464561042816378,0.012685348730209507,0.0,9.06,9.33,9.43,N/A,-1.0,-1.0,none
SN2006ax,0.0167267,0.0179567,0.9865826751303655,0.0037221993304655003,15.774403739471744,0.0066440877616886435,-8.4,0.041,0.0041,3.486e-06,CSPI,Ia,0.981,0,0,-0.04951962675091259,0.00657476285499599,0.0,10.79,10.92,11.04,N/A,-1.0,-1.0,none
SN2006bd,0.0257067,0.0267967,0.37634307711567105,0.012818402695962275,18.024086726862972,0.03142850554370494,-2.8,0.0231,0.0023,8.095e-05,CSPI,Ia-91bg,0.981,0,0,0.8045230858238988,0.05093802479228532,0.0,10.6,10.77,10.8,N/A,-1.0,-1.0,none
SN2006bh,0.01084,0.0104933,0.8014740247548611,0.002648564484550029,14.973699240376192,0.005214501741583037,-2.3,0.0228,0.0023,1.147e-06,CSPI,Ia,0.969,0,0,-0.012818689589385812,0.004450809811523383,0.0,10.31,10.43,10.49,N/A,-1.0,-1.0,none
SN2006br,0.0245733,0.0255233,0.9087838868315204,0.029489071528518235,17.85748805801279,0.06928644077738053,10.6,0.0197,0.002,-0.0002835,CSPI,Ia,0.982,0,0,0.9385131877388311,0.09131608271102669,0.0,10.87,10.97,11.36,N/A,-1.0,-1.0,none
SN2006ej,0.0204367,0.0193367,0.8293247727491027,0.018202295117361,16.358411831880012,0.06305674730936511,12.9,0.0296,0.003,1.582e-05,CSPI,Ia,0.971,0,0,0.027269391266996124,0.06479426206762419,0.0,10.48,10.63,10.7,N/A,-1.0,-1.0,none
SN2006eq,0.0494667,0.0483667,0.6164889672746767,0.023013316917189833,18.625233481536924,0.068506625788634,4.0,0.0416,0.0042,-7.563e-05,CSPI,Ia,0.973,0,0,0.28159243490218344,0.07809584402149837,0.0,9.79,10.19,10.65,N/A,-1.0,-1.0,none
SN2006et,0.0221567,0.0216467,1.0931526145428954,0.007473007072956965,16.32657121014203,0.010077608794741259,-4.6,0.0165,0.0017,1.603e-05,CSPI,Ia,0.983,0,0,0.1639085950375634,0.007599846223202374,0.0,10.7,10.8,10.88,N/A,-1.0,-1.0,none
SN2006ev,0.0287133,0.0276,0.8461364148544818,0.019217710456056476,17.427140155537664,0.062077763541643884,6.3,0.0759,0.0076,6.208e-06,CSPI,Ia,0.924,0,0,0.16938273115617264,0.06646435162443978,0.0,10.65,10.75,10.91,N/A,-1.0,-1.0,none
SN2006fw,0.0829433,0.0819867,0.8876137127203457,0.04922320186740282,19.175627372932333,0.07548740084665577,0.7,0.028,0.0028,-5.7e-05,CSPI,Ia,0.001,0,0,0.0823995692458368,0.07284002820184775,0.0,9.32,9.42,9.62,N/A,-1.0,-1.0,none
SN2006gj,0.0283333,0.0269667,0.6565842276914093,0.007282476105927196,17.554860800238675,0.01249869348023436,0.2,0.0705,0.007,-2.822e-05,CSPI,Ia,0.983,0,0,0.289639880258143,0.01166310281933076,0.0,10.36,10.53,10.6,N/A,-1.0,-1.0,none
SN2006gt,0.04474,0.0436433,0.5535748378829437,0.007969708150549315,18.358531781627963,0.01543203871201132,-1.5,0.0323,0.0032,2.041e-06,CSPI,Ia-91bg,0.982,0,0,0.25437644879535526,0.0145066552005979,0.0,9.87,9.93,9.94,N/A,-1.0,-1.0,none
SN2006hb,0.0153333,0.0153367,0.6725682064243385,0.017554707215996085,15.849606418864337,0.05836964703691033,6.1,0.0236,0.0024,-1.89e-05,CSPI,Ia-86G,0.98,0,0,0.15129899945088177,0.06116423040494707,0.0,10.05,10.22,10.39,N/A,-1.0,-1.0,none
SN2006hx,0.0454633,0.0444033,0.9879762383235682,0.017361098262034757,17.82700416715505,0.04307903039929565,-4.8,0.0256,0.0026,2.714e-05,CSPI,Ia,0.981,0,0,0.1482410050637526,0.03137001999063489,0.0,10.12,10.31,10.44,N/A,-1.0,-1.0,none
SN2006is,0.0313333,0.03142,1.32279488121214,0.02554498448616705,17.11372453997126,0.06783947560466286,8.6,0.029,0.0029,3.638e-05,CSPI,Ia,0.983,0,0,-0.02524899254273194,0.0675668840564756,0.0,6.68,7.1,7.41,N/A,-1.0,-1.0,none
SN2006kf,0.0212867,0.0208,0.7331093171636333,0.0039056305503366797,16.485452361221878,0.007532357054842515,-2.4,0.2097,0.021,2.8e-06,CSPI,Ia,0.981,0,0,0.01350448681363936,0.0076975499856324825,0.0,10.59,10.82,10.9,N/A,-1.0,-1.0,none
SN2006lu,0.0533667,0.0543967,1.0486494599715042,0.02181858007533473,18.295117433436587,0.06354909606970167,8.4,0.0986,0.0099,-1.498e-05,CSPI,Ia,0.984,0,0,-0.019484321825252948,0.06480073920446038,0.0,10.22,10.29,10.37,N/A,-1.0,-1.0,none
SN2006mr,0.0058667,0.00551,0.2454571644262207,0.003886843835404465,14.398914863933495,0.029692837352184247,-7.4,0.0179,0.0018,3.104e-05,CSPI,Ia-91bg,0.947,0,0,0.6839861167773265,0.02819304698480023,0.0,10.79,11.19,11.38,N/A,-1.0,-1.0,none
SN2006ob,0.0591967,0.0582567,0.7249873471467516,0.010745424405462464,18.677023393897915,0.01938158255543275,-0.9,0.0285,0.0029,-1.447e-05,CSPI,Ia,0.986,0,0,0.09352719025527634,0.021378944511830807,0.0,11.08,11.26,11.33,N/A,-1.0,-1.0,none
SN2006os,0.0327867,0.03208,0.9201994628917005,0.023478513160588407,17.5358516025613,0.06845957752539869,4.2,0.1254,0.0125,-1.783e-05,CSPI,Ia,0.982,0,0,0.3335912944405912,0.0709498269279609,0.0,10.66,10.81,10.87,N/A,-1.0,-1.0,none
SN2006py,0.05786,0.0566433,0.949834612173658,0.026103090075552116,18.443277867910563,0.02324942218846898,1.8,0.0518,0.0052,-0.0001374,CSPI,Ia,0.968,0,0,0.10844387775216546,0.02609693689703223,0.0,8.94,9.1,9.24,N/A,-1.0,-1.0,none
SN2007A,0.0176333,0.0164633,1.0119830443748528,0.010974860239776396,15.990476171014382,0.00950053669851252,-1.2,0.0631,0.0063,-1.212e-05,CSPI,Ia,0.98,0,0,0.20717883329371745,0.010124352729699776,0.0,10.57,10.57,10.57,N/A,-1.0,-1.0,none
SN2007N,0.01287,0.014,0.3043493956872426,0.007400048463429143,16.932602818274823,0.02023616775898503,-2.6,0.0343,0.0034,7.402e-06,CSPI,Ia-91bg,0.976,0,0,0.9377025046647915,0.024043781132721955,0.0,10.1,10.19,10.57,N/A,-1.0,-1.0,none
SN2007S,0.01387,0.0150233,1.1141014236469111,0.009016028128099377,15.709522062740763,0.01375936456405293,-7.9,0.0224,0.0022,2.758e-05,CSPI,Ia-91T,0.973,0,0,0.40155706375727895,0.012401892097351321,0.0,9.63,9.98,10.16,N/A,-1.0,-1.0,none
SN2007af,0.00546,0.00629,0.9253926798058225,0.0028307776963987542,13.628640460345617,0.006542694341344054,-5.6,0.0338,0.0034,1.592e-06,CSPI,Ia,0.927,0,0,0.09059303254537276,0.007579590509756064,0.0,9.69,9.82,9.87,N5584,31.79,0.05,c
SN2007ai,0.03164,0.0319867,1.2286868385448646,0.012180075595241806,17.343322139657687,0.012230296775304012,2.1,0.286,0.0286,7.253e-05,CSPI,Ia-91T,0.985,0,0,0.19622901076458277,0.012419194433900474,0.0,9.76,9.91,10.18,N/A,-1.0,-1.0,none
SN2007al,0.0121133,0.0132629,0.33523109739930396,0.021800678685449375,16.611624689735326,0.07141486735437484,-2.0,0.036,0.0036,1.87e-05,CSPI,Ia-91bg,0.971,0,0,0.6785767138046133,0.07430045153404966,0.0,9.33,9.47,9.91,N/A,-1.0,-1.0,none
SN2007as,0.01756,0.0178967,0.884441743326468,0.004540893963642314,16.068024366945064,0.009963055752449594,2.5,0.1229,0.0123,4.669e-07,CSPI,Ia,0.98,0,0,0.091338483982085,0.007611513406745497,0.0,10.24,10.36,10.43,N/A,-1.0,-1.0,none
SN2007ax,0.0068567,0.0076367,0.3543595003419453,0.010822130352083084,15.535038797040025,0.029505938518209873,-5.3,0.0446,0.0045,5.55e-05,CSPI,Ia-91bg,0.924,0,0,0.6820930192618349,0.03214744035756129,0.0,10.13,10.23,10.29,N/A,-1.0,-1.0,none
SN2007ba,0.0384867,0.0390533,0.5415794499667508,0.0063980907756204545,17.674376470785003,0.02014090102467969,-6.2,0.0315,0.0032,-6.666e-06,CSPI,Ia-91bg,0.796,0,0,0.33380960705959595,0.014866274755691966,0.0,10.9,10.99,11.06,N/A,-1.0,-1.0,none
SN2007bc,0.0207567,0.02185,0.8759445293053602,0.005518915817570194,16.36469239910545,0.011928796702715102,0.2,0.0186,0.0019,5.639e-06,CSPI,Ia,0.983,0,0,0.04436954582310193,0.009355145689695393,0.0,10.65,10.73,10.78,N/A,-1.0,-1.0,none
SN2007bd,0.0309967,0.0318267,0.8815439549704339,0.004637280896265398,17.20750637777405,0.01406097526392497,-6.5,0.0289,0.0029,1.812e-05,CSPI,Ia,0.984,0,0,-0.0012996493718553381,0.011375713740030087,0.0,10.68,10.82,10.89,N/A,-1.0,-1.0,none
SN2007bm,0.0062067,0.00744,0.8993605971289648,0.007612041158555463,14.115316560927642,0.015968699496283323,2.3,0.0354,0.0035,-1.955e-06,CSPI,Ia,0.958,0,0,0.4256739245501642,0.0109378879987328,0.0,10.09,10.27,10.72,N/A,-1.0,-1.0,none
SN2007ca,0.0140567,0.01507,1.057555025649008,0.007254086322608183,15.999509932396595,0.010801731453075966,-5.7,0.057,0.0057,1.692e-05,CSPI,Ia,0.979,0,0,0.2620821098274497,0.008354025854097533,0.0,9.52,9.69,9.74,N/A,-1.0,-1.0,none
SN2007cg,0.0331733,0.0341676,1.1076719341963783,0.046334702079941184,17.691024027588668,0.07508137747162848,11.3,0.0686,0.0069,-0.0002519,CSPI,Ia,0.39,0,0,0.6754413458392143,0.09580350285281554,0.0,10.33,10.37,10.43,N/A,-1.0,-1.0,none
SN2007hj,0.0141033,0.0128818,0.6049512289056825,0.0042267941016932865,15.805085869164268,0.009681398807950048,-0.1,0.0747,0.0075,-1.512e-05,CSPI,Ia,0.961,0,0,0.2047654409031896,0.0069721098152663785,0.0,10.3,10.45,10.89,N/A,-1.0,-1.0,none
SN2007hx,0.07976,0.0788733,1.0585393404223449,0.04382571949574547,19.514350974905092,0.07344439876230836,3.8,0.0299,0.003,-8.57e-05,CSPI,Ia,0.985,0,0,0.22473230959973023,0.07685933813010885,0.0,10.45,10.55,10.62,N/A,-1.0,-1.0,none
SN2007jd,0.0725833,0.0719112,0.875143275522269,0.032837271680083574,19.293378162310674,0.08114996039001682,3.2,0.066,0.0066,-0.000203,CSPI,Ia,0.942,0,0,0.10475060351202359,0.08401825251682611,0.0,9.93,10.13,10.18,N/A,-1.0,-1.0,none
SN2007jg,0.0371067,0.0365767,0.914164035441004,0.006451419181626868,17.8759837372763,0.011316799394641086,0.3,0.0904,0.009,-4.407e-06,CSPI,Ia,0.974,0,0,0.04982196392639082,0.01060968455627346,0.0,7.95,8.1,8.22,N/A,-1.0,-1.0,none
SN2007jh,0.0407667,0.0402667,0.5844323795889294,0.018844722642180428,18.34742934957846,0.03264178373541198,-1.7,0.0902,0.009,-4.796e-05,CSPI,Ia-86G,0.981,0,0,0.3394167852402923,0.029422337899848383,0.0,10.89,10.99,11.04,N/A,-1.0,-1.0,none
SN2007le,0.0067167,0.0055233,1.023817334735946,0.004121528891674775,14.082800782193678,0.006639771628187333,-3.3,0.0287,0.0029,9.746e-07,CSPI,Ia,0.955,0,0,0.3179653285840178,0.007286262910357419,0.0,9.71,9.85,10.16,N/A,-1.0,-1.0,none
SN2007mm,0.066354,0.0688733,0.5011405947781123,0.018191872133940027,19.49590125931503,0.02785085998968594,-6.7,0.0313,0.0031,2.631e-05,CSPI,Ia-86G,0.983,0,0,0.5091209229272984,0.04192016562176597,0.0,11.36,11.36,11.36,N/A,-1.0,-1.0,none
SN2007nq,0.045,0.0439033,0.7451999956101584,0.004972214805917268,17.940165783556303,0.009816791336542983,1.0,0.0312,0.0031,-3.832e-06,CSPI,Ia,0.952,0,0,0.04197782174072984,0.011291044810565044,0.0,11.15,11.21,11.28,N/A,-1.0,-1.0,none
SN2007on,0.00649,0.0061833,0.5738073693149136,0.0036361165086206773,13.352852126998384,0.017680347649110754,-7.4,0.0098,0.001,-2.236e-06,CSPI,Ia,0.957,0,0,0.11468260339978009,0.008626221920882622,0.0,10.78,11.04,11.45,N/A,-1.0,-1.0,none
SN2007so,0.0296667,0.0289285,0.8495388939854528,0.008475798957200999,16.74999132284494,0.031140107561660878,27.3,0.1161,0.0116,5.695e-05,CSPI,Ia,,0,0,0.0038394635635654595,0.04929189891815759,0.0,10.89,10.97,11.07,N/A,-1.0,-1.0,none
SN2007sr,0.0054733,0.0066557,0.9887342690678067,0.017118493472934048,13.250083927149605,0.056026896066139184,9.8,0.0398,0.004,-6.587e-06,CSPI,Ia,0.198,0,0,0.14708159596873216,0.057365231401071776,0.0,9.85,10.05,10.17,N4038,31.29,0.1,c
SN2007st,0.0211667,0.0206508,0.7743318411806147,0.022086955969470516,16.084512043522654,0.06835042805438651,7.1,0.0143,0.0014,-2.481e-05,CSPI,Ia,0.951,0,0,0.12918309807312234,0.08020295653183203,0.0,10.85,10.95,11.4,N/A,-1.0,-1.0,none
SN2007ux,0.0308933,0.031996,0.586320923677772,0.005762158344160451,17.61777632968363,0.010286134102347994,1.1,0.0386,0.0039,-3.43e-05,CSPI,Ia-86G,0.981,0,0,0.20849349193816735,0.008550805560369433,0.0,10.23,10.3,10.34,N/A,-1.0,-1.0,none
SN2008C,0.01661,0.0170667,0.9529487579974725,0.025291449417637172,15.933644285326476,0.07058038748241557,6.7,0.072,0.0072,-6.258e-05,CSPI,Ia,0.981,0,0,0.17467678188707758,0.07608486342538423,0.0,10.35,10.49,10.55,N/A,-1.0,-1.0,none
SN2008O,0.03883,0.039318,0.6535953649563822,0.012086707905619123,18.08384932382867,0.019558242125070315,0.6,0.0763,0.0076,-5.543e-05,CSPI,Ia,0.986,0,0,0.3161570165309051,0.01683016086743557,0.0,11.12,11.33,11.59,N/A,-1.0,-1.0,none
SN2008R,0.0134933,0.0128867,0.5925222210434511,0.005321856515214092,15.568591028945843,0.011642926398461845,0.1,0.0618,0.0062,-1.354e-05,CSPI,Ia,0.976,0,0,0.1219761628599354,0.008178613094744259,0.0,11.07,11.25,11.31,N/A,-1.0,-1.0,none
SN2008ar,0.02613,0.0272474,0.9709267747714057,0.005677951963580812,16.854241879681275,0.011334250842945414,-3.7,0.0311,0.0031,6.424e-06,CSPI,Ia,0.984,0,0,0.02849585201148841,0.011752632400191846,0.0,10.11,10.21,10.28,N/A,-1.0,-1.0,none
SN2008bc,0.0150767,0.0157067,1.048035228075995,0.004299777152427751,15.584975448198618,0.006722367078707172,-3.9,0.2251,0.0225,-6.917e-07,CSPI,Ia,0.979,0,0,-0.02956613685852716,0.005074123822576698,0.0,9.95,10.1,10.23,N/A,-1.0,-1.0,none
SN2008bd,0.0300833,0.0312803,0.5795606039086565,0.03147577703468553,17.74064246743442,0.03566209456542305,17.0,0.0751,0.0075,-0.000863,CSPI,Ia-91bg,,0,0,0.34056509762471876,0.08009832160794364,0.0,10.99,11.07,11.13,N/A,-1.0,-1.0,none
SN2008bf,0.0234837,0.0245538,1.0223198016854331,0.004437010889201585,16.510451235981737,0.006918171957059273,-3.8,0.0296,0.003,3.6e-07,CSPI,Ia,0.982,0,0,-0.03229487129914155,0.0060011930945448695,0.0,11.4,11.4,11.4,N/A,-1.0,-1.0,none
SN2008bi,0.0134367,0.0143882,0.48003061057343316,0.02616901632671182,16.496392895624197,0.08588636937412103,7.6,0.037,0.0037,8.924e-05,CSPI,Ia-91bg,0.972,0,0,0.5207775476717451,0.12923701326209655,0.0,10.27,10.38,10.48,N/A,-1.0,-1.0,none
SN2008bq,0.0339767,0.0344433,1.15490690867156,0.008987886409553355,17.318350536916714,0.009153062124755832,2.7,0.0774,0.0077,3.188e-05,CSPI,Ia,0.983,0,0,0.05484369825318325,0.007057007516165089,0.0,10.74,10.82,10.91,N/A,-1.0,-1.0,none
SN2008bt,0.0153533,0.0165796,0.47036770079124607,0.0088271710919922,16.43048231062617,0.01465577724148965,-1.0,0.0445,0.0044,1.765e-05,CSPI,Ia-91bg,0.979,0,0,0.49947033437662824,0.01287583850910969,0.0,10.7,10.85,10.91,N/A,-1.0,-1.0,none
SN2008bz,0.0602367,0.0613265,0.9297420810277642,0.02227501467661387,18.758062976775317,0.06335468736488335,4.8,0.0226,0.0023,-3.833e-05,CSPI,Ia,0.957,0,0,-0.03809384031885088,0.06269588961217759,0.0,10.44,10.5,10.56,N/A,-1.0,-1.0,none
SN2008cc,0.0103867,0.0101222,0.7882129524280064,0.01707720643289008,14.671059361662229,0.056385684690857175,11.0,0.0355,0.0035,-5.25e-06,CSPI,Ia,0.965,0,0,0.08178861304104679,0.06458214207194851,0.0,10.4,10.48,10.64,N/A,-1.0,-1.0,none
SN2008cd,0.0074067,0.0084623,1.011640704739277,0.079571000709859,16.011135383612107,0.0974414001133617,12.5,0.0592,0.0059,0.002207,CSPI,Ia,0.87,0,0,1.6841290033311296,0.13234751775854242,0.0,9.43,9.54,9.64,N/A,-1.0,-1.0,none
SN2008cf,0.0459682,0.0468269,1.1172373888705887,0.03501885697374186,17.93702952926943,0.06702781625816961,4.0,0.0577,0.0058,5.73e-06,CSPI,Ia,0.986,0,0,0.006874287703887205,0.06335219207467162,0.0,8.59,8.73,8.97,N/A,-1.0,-1.0,none
SN2008ff,0.0191933,0.0186725,1.1169799373671394,0.010102847994967856,16.003354265321793,0.020592330975449706,22.7,0.0436,0.0044,5.434e-06,CSPI,Ia,0.981,0,0,0.12329321946322658,0.01665866425415072,0.0,10.8,10.8,10.8,N/A,-1.0,-1.0,none
SN2008fl,0.0199,0.0194172,0.8547670379454843,0.018331361671634138,16.05962644239931,0.06117300563563011,5.9,0.1569,0.0157,-8.451e-07,CSPI,Ia,0.982,0,0,0.059268584354887466,0.06411835657938386,0.0,10.87,10.94,11.01,N/A,-1.0,-1.0,none
SN2008fp,0.00566,0.0062867,1.0816703155483485,0.0074846079282146726,13.68633480130633,0.007979234671308812,-1.4,0.1686,0.0169,1.261e-05,CSPI,Ia,0.944,0,0,0.46293596247475755,0.006936522429010171,0.0,10.15,10.2,10.63,N/A,-1.0,-1.0,none
SN2008fr,0.0389733,0.0379062,1.0557170982675024,0.02317920046078016,17.635120011044545,0.06180192937470205,11.0,0.0395,0.004,-3.587e-05,CSPI,Ia,0.981,0,0,-0.0062891222334258146,0.06629891402878482,0.0,7.58,7.73,7.92,N/A,-1.0,-1.0,none
SN2008fu,0.05237,0.0518336,0.8220670792366843,0.021808941767316424,18.34657782536905,0.06749403047882255,9.3,0.018,0.0018,5.598e-06,CSPI,Ia,0.986,0,0,-0.07464480915523097,0.08811523990404291,0.0,10.66,10.72,10.8,N/A,-1.0,-1.0,none
SN2008fw,0.0085433,0.0095066,1.1126518063301003,0.02282683183727853,14.634832600247918,0.058433164607576776,12.2,0.1123,0.0112,2.772e-05,CSPI,Ia-91T,0.971,0,0,0.06560986283695058,0.06129125437708686,0.0,10.31,10.49,10.61,N/A,-1.0,-1.0,none
SN2008gg,0.0319933,0.0310658,1.1143671805835944,0.0265408578412092,17.15761031379511,0.06191675394227693,6.8,0.0195,0.002,-3.393e-05,CSPI,Ia,0.984,0,0,0.14200583509000708,0.06333372356759792,0.0,10.63,10.73,10.82,N/A,-1.0,-1.0,none
SN2008gl,0.0339933,0.0329459,0.8507950889933873,0.003952401935868754,17.384655390741013,0.006933329552834142,-0.1,0.0244,0.0024,2.579e-06,CSPI,Ia,0.977,0,0,0.034398962242192965,0.0060547520633589275,0.0,10.81,10.86,10.92,N/A,-1.0,-1.0,none
SN2008go,0.0623667,0.0613133,0.9118362286296161,0.022601380341466908,18.700434155059053,0.013825266951926785,2.8,0.032,0.0032,-5.79e-05,CSPI,Ia,0.986,0,0,0.04052221386936594,0.010127929253108844,0.0,10.89,10.94,11.0,N/A,-1.0,-1.0,none
SN2008gp,0.03339,0.0328233,0.9730507869904497,0.00453110607118228,17.16987548914817,0.009336512466405053,-7.2,0.1042,0.0104,2.947e-06,CSPI,Ia,0.985,0,0,-0.004887121793895943,0.009254200671695488,0.0,10.64,10.73,10.79,N/A,-1.0,-1.0,none
SN2008hj,0.0378667,0.0367224,1.010184546017752,0.005747841837450636,17.530739651680417,0.0071780432549209214,-2.9,0.0303,0.003,4.179e-07,CSPI,Ia,0.983,0,0,0.0010009058349176314,0.006812865600168311,0.0,10.2,10.4,10.69,N/A,-1.0,-1.0,none
SN2008hu,0.0496656,0.050526,0.7853324357977401,0.008160118969565722,18.432962087130832,0.016052198736935742,2.8,0.0921,0.0092,4.407e-06,CSPI,Ia,0.985,0,0,0.0201366431164125,0.020113740712959096,0.0,10.84,10.99,11.07,N/A,-1.0,-1.0,none
SN2008hv,0.01254,0.01358,0.8457091356641724,0.002758559362703001,15.424058773339748,0.00710895396255876,-7.8,0.0279,0.0028,5.977e-06,CSPI,Ia,0.973,0,0,-0.02952091930798062,0.007459723495693591,0.0,10.29,10.55,10.67,N/A,-1.0,-1.0,none
SN2008ia,0.0219833,0.02254,0.8409784086519746,0.00431193284426578,16.52997690296553,0.00948730744736743,-1.1,0.1954,0.0195,7.032e-06,CSPI,Ia,0.983,0,0,-0.033423001645646266,0.009017796765162279,0.0,10.54,10.77,11.23,N/A,-1.0,-1.0,none
SN2009D,0.02499,0.024654,1.185004754316481,0.005645643042033447,16.465720901108305,0.006822432133730714,-3.5,0.0441,0.0044,1.329e-05,CSPI,Ia,0.984,0,0,-0.013899643511875226,0.005282128579830334,0.0,10.35,10.43,10.5,N/A,-1.0,-1.0,none
SN2009F,0.0129467,0.01291,0.3278244953258009,0.007411797736539137,16.38121754853782,0.023241927918609358,-6.6,0.0895,0.0089,6.363e-05,CSPI,Ia-91bg,0.97,0,0,0.5448200887149959,0.020416743789177176,0.0,10.61,10.79,11.22,N/A,-1.0,-1.0,none
SN2009I,0.02615,0.0254309,1.0638990417463612,0.019358018017534923,17.47584954539463,0.01775113385804649,-0.4,0.0272,0.0027,7.918e-05,CSPI,Ia,0.969,0,0,0.6391392153718627,0.0193216786881324,0.0,10.53,10.74,10.88,N/A,-1.0,-1.0,none
SN2009P,0.0250867,0.0263202,1.0930512720601095,0.030099724902032103,17.13011642548629,0.025225773563258176,2.4,0.0415,0.0042,6.312e-05,CSPI,Ia,0.982,0,0,0.3872308539084024,0.02432560316052716,0.0,9.77,9.87,9.95,N/A,-1.0,-1.0,none
SN2009Y,0.0093467,0.0101034,1.1891006234372763,0.007903170452219747,14.561878949884836,0.01309463457954501,-3.6,0.0873,0.0087,1.958e-06,CSPI,Ia,0.97,0,0,0.14940203172530353,0.010371083776258156,0.0,10.66,10.76,10.95,N/A,-1.0,-1.0,none
SN2009aa,0.02729,0.0284814,0.9082576901347421,0.004453060505922253,16.887812139144717,0.01008555423741042,-5.6,0.0295,0.0029,6.758e-06,CSPI,Ia,0.983,0,0,0.01994576080639021,0.009376268448350662,0.0,10.1,10.6,10.8,N/A,-1.0,-1.0,none
SN2009ab,0.0111633,0.0108624,0.8737303134262224,0.004755442425124276,15.184313214675047,0.009578364517260091,-6.1,0.1838,0.0184,6.776e-06,CSPI,Ia,0.959,0,0,0.04480912246271096,0.008486978812025769,0.0,10.2,10.35,10.78,N/A,-1.0,-1.0,none
SN2009ad,0.02838,0.0283174,1.0153017880236235,0.006103140456797838,16.83075345105107,0.00930328943978386,-4.6,0.0953,0.0095,1.509e-05,CSPI,Ia,0.984,0,0,0.030202141132694038,0.008746905470297014,0.0,10.5,10.58,10.64,N/A,-1.0,-1.0,none
SN2009ag,0.0086333,0.0092477,0.961520038848393,0.006673396590662682,14.846747434841681,0.015550317184536035,1.8,0.218,0.0218,-4.383e-06,CSPI,Ia,0.97,0,0,0.163199369116251,0.013711869690117702,0.0,9.99,10.2,10.6,N/A,-1.0,-1.0,none
SN2009al,0.02209,0.0232764,1.1741401800981328,0.04053423356384509,16.423836907894618,0.07899199060316561,-0.2,0.0212,0.0021,1.63e-05,CSPI,Ia,0.98,0,0,0.13749805215918087,0.07907408934489356,0.0,10.66,10.72,10.77,N/A,-1.0,-1.0,none
SN2009cz,0.0211233,0.0219786,1.1892682081686246,0.011511510570455049,16.322267411803644,0.013493221796175282,-3.0,0.0221,0.0022,3.758e-05,CSPI,Ia,0.982,0,0,0.0258797279112688,0.010408319510625841,0.0,10.68,10.75,10.84,N/A,-1.0,-1.0,none
SN2009ds,0.0192467,0.0204662,1.1246359874932383,0.019741109475204976,16.033420262819632,0.018668441103598787,-5.6,0.0332,0.0033,2.506e-05,CSPI,Ia,0.982,0,0,0.10233461955174938,0.011565144163183038,0.0,10.62,10.77,10.97,N/A,-1.0,-1.0,none
SN2009ig,0.0088,0.0080401,1.1084463796645476,0.015822307827997085,14.169808241357954,0.010572847351170653,1.6,0.0269,0.0027,-1.521e-05,,,,,,0.07884650942695615,0.012995101770030644,0.0,10.35,10.35,10.35,N1015,32.5,0.08,c
SN2009le,0.0177733,0.017027,1.1556473344891887,0.021433365293950915,15.870801747618508,0.01109869824636597,-6.9,0.0143,0.0014,7.315e-06,CSPI,Ia,0.976,0,0,0.13328485726647976,0.007869264693361994,0.0,10.66,10.84,11.31,N/A,-1.0,-1.0,none
SN2011by,0.002843,0.003405,0.95606749490197,0.004039575915855028,13.413508962086137,0.007880740722368027,-9.4,0.0119,0.0012,3.441e-06,,,,,,0.04756221337811617,0.010238204405991337,0.0,9.47,9.47,9.47,N3972,31.59,0.07,c
SN2011fe,0.000803,0.0012072,0.9459966410134927,0.0026493296908914467,10.58491464784274,0.006397283883025043,-12.0,0.0077,0.0008,1.231e-06,,,,,,0.03135669416979425,0.006687809687282316,0.0,10.23,10.23,10.23,M101,29.14,0.04,c
SN2011iy,0.0042633,0.0053357,1.189045819196941,0.00662813832952825,12.64508833128166,0.019039835782340066,18.8,0.0529,0.0053,-3.563e-06,CSPII,Ia,0.9,0,1,0.19307748460422935,0.0199211547490165,0.0,10.21,10.39,10.83,N/A,-1.0,-1.0,none
SN2011jh,0.0077833,0.0089154,0.7982491251876979,0.0029172344791427245,14.915702728792136,0.005450928873834231,-6.1,0.0322,0.0032,9.92e-06,CSPII,Ia,0.966,0,1,0.39375308758044447,0.007526061362996556,0.0,10.02,10.09,10.16,N/A,-1.0,-1.0,none
SN2011jn,0.0474433,0.0485384,0.6450558240378089,0.02292176558174145,18.321409875736606,0.06577169765169938,6.7,0.0593,0.0059,-5.186e-05,CSPII,Ia,0.982,1,0,0.08130243333672382,0.08245309094863953,0.0,11.23,11.35,11.78,N/A,-1.0,-1.0,none
SN2011jt,0.02778,0.0284695,0.9441161425148465,0.028684490667500784,17.090423129096916,0.07206629501998568,8.9,0.0386,0.0039,-0.0001724,CSPII,Ia,0.985,0,1,0.16940649251363737,0.085273800799149,0.0,10.25,10.39,10.52,N/A,-1.0,-1.0,none
SN2012E,0.0202367,0.019439,0.8145299391255447,0.005374677374198026,16.19760041092618,0.009057121763133532,1.2,0.0649,0.0065,-2.197e-05,CSPII,Ia,0.982,0,1,0.023211973677494058,0.010042323781448018,0.0,10.36,10.54,10.73,N/A,-1.0,-1.0,none
SN2012G,0.0258,0.0268487,1.152627713315499,0.006053353765741422,16.7780737179977,0.0061815514913413,2.7,0.0205,0.0021,1.796e-05,CSPII,Ia,0.973,0,1,-0.020322805646088682,0.005479591932306576,0.0,9.58,9.73,9.84,N/A,-1.0,-1.0,none
SN2012U,0.0197233,0.0193386,1.1891175284184494,0.032465454144250346,15.999886779142857,0.05518004463370848,12.4,0.0227,0.0023,-3.884e-05,CSPII,Ia,0.975,0,1,-0.008190756740079408,0.11396290356801267,0.0,10.38,10.56,10.74,N/A,-1.0,-1.0,none
SN2012ah,0.0123933,0.0123697,0.897472081157435,0.020828648791631772,15.147808951010804,0.06513419187680763,7.6,0.1545,0.0155,-2.544e-05,CSPII,Ia,0.974,0,1,-0.055796384126470144,0.07450751703458999,0.0,11.5,11.5,11.5,N/A,-1.0,-1.0,none
SN2012aq,0.0519633,0.0525508,0.9880807343824856,0.02035629794327707,18.236966699781256,0.058470949471128596,10.1,0.0338,0.0034,-1.836e-05,CSPII,Ia,0.972,1,0,0.011424160255106841,0.06308562964751974,0.0,7.63,7.77,8.01,N/A,-1.0,-1.0,none
SN2012ar,0.02824,0.028536,0.7832347318983498,0.003778040957412168,17.0136770196836,0.006549848366319768,0.9,0.2024,0.0202,-5.138e-06,CSPII,Ia,0.982,1,1,0.020344626610601324,0.0074737270101639655,0.0,10.84,10.94,11.02,N/A,-1.0,-1.0,none
SN2012bl,0.0186933,0.0181998,1.110490148287083,0.014158815886077597,16.04961279252695,0.014347947606825952,-1.0,0.0297,0.003,2.283e-05,CSPII,Ia,0.977,0,1,0.027431969405048662,0.010696163192407506,0.0,9.85,10.09,10.24,N/A,-1.0,-1.0,none
SN2012bo,0.0254133,0.0265314,1.1740777410072545,0.006378055932093116,16.822195343374137,0.006953391922630136,-1.7,0.0447,0.0045,1.485e-05,CSPII,Ia,0.983,0,1,0.020231906846731817,0.005594302378001036,0.0,10.15,10.32,10.4,N/A,-1.0,-1.0,none
SN2012cg,0.001458,0.0025798,1.0558117321431082,0.007629781595188167,12.454706793485865,0.008340547198631476,-13.0,0.0179,0.0018,5.844e-06,,,,,,0.10007578646406934,0.010417454289435017,0.0,9.6,9.7,9.8,N4424,31.08,0.29,c
SN2012fr,0.0054533,0.0051291,1.1154045182482721,0.0047326753261175344,12.80533429159023,0.005172384974876234,-9.6,0.0177,0.0018,2.216e-06,CSPII,Ia,0.981,0,1,-0.015082370279516866,0.00774728921002239,0.0,11.06,11.25,11.32,N1365,31.31,0.06,c
SN2012gm,0.01478,0.013553,0.9820819432387483,0.003410630187219109,15.587220108431431,0.003689534043895566,-4.1,0.0393,0.0039,1.827e-06,CSPII,Ia,0.977,0,1,0.184527925942783,0.0039021132607691446,0.0,9.9,10.01,10.08,N/A,-1.0,-1.0,none
SN2012hd,0.0119433,0.0111341,0.8708259877151875,0.004847090187252246,15.243515763592473,0.010495103448602341,-9.3,0.0228,0.0023,8.853e-06,CSPII,Ia,0.973,0,1,0.14552897805591414,0.010580708967951264,0.0,10.38,10.44,10.54,N/A,-1.0,-1.0,none
SN2012hl,0.0329772,0.0318991,0.9238147071491503,0.030673646388899908,17.88178115003634,0.015020334380660217,1.6,0.053,0.0053,-4.579e-05,CSPII,Ia,0.939,0,0,0.35709796281120987,0.015167850364536696,0.0,7.18,7.31,7.46,N/A,-1.0,-1.0,none
SN2012hr,0.0075567,0.0078716,0.9620756611548149,0.0023379826437414223,14.325582626987204,0.004644732616420816,-6.0,0.0389,0.0039,5.562e-07,CSPII,Ia,0.966,0,1,0.030146424724977194,0.0054118518440793555,0.0,10.21,10.32,10.45,N/A,-1.0,-1.0,none
SN2012ht,0.0035567,0.0046846,0.8525263896927594,0.0021536310144758706,13.705043856604053,0.0069082332081917535,-10.5,0.0252,0.0025,7.649e-06,CSPII,Ia,,0,1,0.003563973354086869,0.008560509386139259,0.0,8.06,8.06,8.06,N3347,31.91,0.04,c
SN2012id,0.0157367,0.0155401,0.8372565812147286,0.03415273965589386,15.661600843193407,0.07865525375470075,5.5,0.4255,0.0426,-0.0001369,CSPII,Ia,0.977,0,1,0.04543410723722552,0.08938278554378215,0.0,9.85,10.01,10.16,N/A,-1.0,-1.0,none
SN2012ij,0.01099,0.012107,0.5256194850495389,0.007933132045918216,15.679592466718544,0.012128406280751184,-3.7,0.0235,0.0024,7.06e-06,CSPII,Ia,0.969,0,1,0.23247898004396816,0.01515812099141361,0.0,9.8,9.94,10.11,N/A,-1.0,-1.0,none
SN2013E,0.0094067,0.0104565,1.1209505090965353,0.00627670819998618,14.403896972608992,0.006764863748624528,-6.7,0.0843,0.0084,5.002e-06,CSPII,Ia,0.951,0,1,0.08003831734404265,0.006038865240499193,0.0,9.83,9.96,9.99,N/A,-1.0,-1.0,none
SN2013H,0.0154767,0.0158792,1.0561931834154412,0.004396170544103343,16.00569195093313,0.005818003698859936,-7.2,0.1134,0.0113,1.038e-06,CSPII,Ia,0.98,0,1,0.19146209362729216,0.005770667273800662,0.0,10.32,10.5,10.6,N/A,-1.0,-1.0,none
SN2013M,0.03493,0.0357427,0.92535646102592,0.005964709850100292,17.223659568697382,0.010301448981493619,-3.9,0.0719,0.0072,1.534e-06,CSPII,Ia,0.934,1,1,0.041105094688528965,0.01589771040223387,0.0,10.73,10.9,11.04,N/A,-1.0,-1.0,none
SN2013U,0.0344833,0.0356518,1.252814443432858,0.011201842796336604,17.272629280867104,0.011144160778397654,-1.2,0.0245,0.0025,3.804e-05,CSPII,Ia-91T,0.842,1,1,0.19446329411944063,0.011777221941040318,0.0,10.15,10.27,10.31,N/A,-1.0,-1.0,none
SN2013aa,0.0039967,0.0046654,0.9997940750661624,0.003215552979545811,11.93812368201057,0.0043665459808914725,-1.4,0.1458,0.0146,-2.959e-07,CSPII,Ia,0.888,0,1,-0.06681156745199601,0.005753246223521934,0.0,9.85,9.99,10.12,N/A,-1.0,-1.0,none
SN2013ad,0.0363748,0.0358694,0.9964749055081655,0.015225519142700992,17.027604307373224,0.011607983166155888,0.7,0.3692,0.0369,-1.568e-05,CSPII,Ia,0.639,1,0,-0.07773439757234613,0.011342945252997753,0.0,11.5,11.5,11.5,N/A,-1.0,-1.0,none
SN2013aj,0.00912,0.0100653,0.7763243222219229,0.0028712089453875227,14.645909626268663,0.0046636731436270895,-2.4,0.0316,0.0032,2.39e-06,CSPII,Ia,0.969,0,1,0.027276737083798963,0.008928159478889757,0.0,9.82,9.99,10.38,N/A,-1.0,-1.0,none
SN2013as,0.0684526,0.0696439,1.026459959530622,0.02473618116608298,19.0485599643994,0.0615417919024339,7.1,0.0336,0.0034,-4.422e-05,CSPII,Ia,0.984,1,0,0.026093378753735408,0.0672716556157884,0.0,8.43,8.59,8.95,N/A,-1.0,-1.0,none
SN2013ay,0.0157167,0.0156526,0.46433974872926753,0.019364758085083394,15.976233302317322,0.06179714435630814,7.6,0.0622,0.0062,-6.828e-06,CSPII,Ia,0.953,0,1,0.46781289805314863,0.07885414764566737,0.0,10.64,10.72,10.82,N/A,-1.0,-1.0,none
SN2013az,0.0372533,0.037464,0.7619894269727473,0.02045579117099472,17.60712146539627,0.063566005317077,4.6,0.0271,0.0027,-4.288e-05,CSPII,Ia,0.972,1,0,0.08665038582439166,0.06535985337308575,0.0,10.93,10.99,11.07,N/A,-1.0,-1.0,none
SN2013bc,0.02245,0.023528,0.45957416155599345,0.02429249773152546,17.499863047527484,0.06447074521081837,0.8,0.0407,0.0041,-1.061e-05,CSPII,Ia,0.98,0,1,0.7315394781469529,0.06729416502199456,0.0,10.28,10.47,10.55,N/A,-1.0,-1.0,none
SN2013bz,0.01915,0.0201818,1.1220475306179292,0.011114115068060088,15.843518330459824,0.011226783639070818,-2.1,0.0377,0.0038,3.136e-05,CSPII,Ia-91T,0.855,0,1,0.16957536010685992,0.010028304852769756,0.0,9.94,9.98,10.04,N/A,-1.0,-1.0,none
SN2013cg,0.0079467,0.009009,0.9376003350445918,0.024658635831933673,14.387013809260115,0.0686149144593227,9.2,0.0749,0.0075,-0.0001034,CSPII,Ia,0.97,0,1,0.098789796081034,0.07594307056838107,0.0,9.98,10.13,10.27,N/A,-1.0,-1.0,none
SN2013ct,0.0038,0.0027369,1.105868839559582,0.014945933348551165,12.438218089454631,0.014876691598433064,26.1,0.0244,0.0024,-7.79e-06,CSPII,Ia,0.944,0,1,0.04073660977541138,0.01211605136430092,0.0,8.57,8.72,8.89,N/A,-1.0,-1.0,none
SN2013dy,0.003889,0.0028843,1.0985933244708057,0.006498876106490953,13.193335816302016,0.0059476949005294565,-13.2,0.132,0.0132,8.052e-06,,,,,,0.1884573286147777,0.007836572725708731,0.0,9.09,9.09,9.09,N7250,31.5,0.08,c
SN2013fy,0.0308467,0.0301903,1.1892276980805934,0.010234862109060812,16.974513209135058,0.013454771051587457,-2.8,0.023,0.0023,5.78e-05,CSPII,Ia,0.985,1,1,0.0254035847128371,0.00962380153090826,0.0,10.77,10.86,10.96,N/A,-1.0,-1.0,none
SN2013fz,0.0205933,0.0205517,1.0774323249435203,0.006973330343225186,16.131962333054357,0.007133650744202394,0.7,0.0119,0.0012,-1.784e-06,CSPII,Ia,0.98,0,1,0.0019940536638589634,0.005507848467840941,0.0,10.61,10.69,10.77,N/A,-1.0,-1.0,none
SN2013gv,0.0340967,0.0334585,0.8362605983446353,0.0067199528905741174,17.399697758857172,0.010765304964150527,-3.6,0.1434,0.0143,1.314e-05,CSPII,Ia,0.973,1,1,-0.02218354960319857,0.012473484736287354,0.0,11.16,11.27,11.56,N/A,-1.0,-1.0,none
SN2013gy,0.0140133,0.0135587,0.8921636782718059,0.003428808884848672,15.241962424055997,0.00814710170041439,-12.3,0.0485,0.0049,2.549e-06,CSPII,Ia,0.976,0,1,0.019917140873083383,0.008309127251795969,0.0,8.98,9.0,9.16,N/A,-1.0,-1.0,none
SN2013hh,0.01298,0.0141046,1.1893709917071955,0.022578176525766287,16.419366931466516,0.06226755629589253,3.7,0.0247,0.0025,0.0001223,CSPII,Ia-91T,0.928,0,1,0.5795073288226753,0.06429686516188868,0.0,9.41,9.59,9.69,N/A,-1.0,-1.0,none
SN2013hn,0.01513,0.0160268,0.8188470100981584,0.022127047126842186,15.631126216181249,0.0659655053632452,4.0,0.0529,0.0053,-4.152e-05,CSPII,Ia,0.98,0,1,-0.07684573913064519,0.06689202490479933,0.0,10.84,10.99,11.07,N/A,-1.0,-1.0,none
SN2014D,0.0081733,0.0092489,0.9227804196508351,0.02310388207811095,16.50788181202659,0.06314765680007864,6.0,0.0257,0.0026,-6.705e-05,CSPII,Ia,0.039,0,1,0.5805122701043111,0.0684124652481358,0.0,8.15,8.26,8.38,N/A,-1.0,-1.0,none
SN2014I,0.0299933,0.0302041,0.8969109826133322,0.0036455857371071503,16.90031393945423,0.008486781407212218,-4.1,0.0207,0.0021,1.865e-06,CSPII,Ia,0.98,1,1,-0.007188652921680472,0.008023649653411326,0.0,10.76,10.9,11.31,N/A,-1.0,-1.0,none
SN2014Z,0.02126,0.0209246,0.9354897038922466,0.033322910065857136,16.243415256360617,0.060291204672539296,5.3,0.0246,0.0025,-7.011e-05,CSPII,Ia,0.983,0,1,-0.010413540712542968,0.05958686496259137,0.0,10.66,10.75,10.81,N/A,-1.0,-1.0,none
SN2014ao,0.0140733,0.015028,0.8610333577661874,0.004425701367943856,16.27310021274849,0.0072829303546407065,1.2,0.0282,0.0028,-4.532e-06,CSPII,Ia,0.979,0,1,0.6069974204896056,0.008496966942773156,0.0,10.47,10.57,10.74,N/A,-1.0,-1.0,none
SN2014at,0.03222,0.031543,0.9283292210831658,0.004616791683539187,17.04348969417447,0.008604323063656036,-2.2,0.0164,0.0016,-1.38e-06,CSPII,Ia,0.984,1,1,-0.02717927032308154,0.008112208274640011,0.0,11.08,11.25,11.4,N/A,-1.0,-1.0,none
SN2014ba,0.0058367,0.0049902,0.2705505139207083,0.021306252637470675,14.796982288120335,0.07344904636514496,3.9,0.0102,0.001,-8.833e-05,CSPII,Ia-91bg,0.954,0,1,0.9199120799713807,0.08897711034507078,0.0,10.56,10.64,11.06,N/A,-1.0,-1.0,none
SN2014dl,0.0329433,0.0331433,1.2157639321593006,0.012637904334567756,16.68617583484721,0.009465299355836784,-5.0,0.0547,0.0055,3.135e-05,CSPII,Ia-91T,0.694,1,0,0.01662255824135528,0.00862316142599746,0.0,9.19,9.48,9.68,N/A,-1.0,-1.0,none
SN2014dn,0.0221733,0.0221408,0.44721553449067736,0.006385220906610642,17.169063558219094,0.010355715727823974,-0.5,0.0161,0.0016,5.979e-06,CSPII,Ia,0.982,0,0,0.6528571327939829,0.010902187447729065,0.0,10.58,10.65,10.72,N/A,-1.0,-1.0,none
SN2014eg,0.01862,0.018331,1.174135757355814,0.010328087469504504,15.691758871198807,0.012781192684220217,-3.1,0.0257,0.0026,6.082e-05,CSPII,Ia-91T,0.947,0,1,0.27002371278695314,0.011303726577108415,0.0,11.47,11.62,11.73,N/A,-1.0,-1.0,none
SN2015F,0.0048867,0.0052804,0.8468326891431042,0.00368843867872958,13.167404277556962,0.00843403666443904,-11.7,0.1749,0.0175,6.48e-06,CSPII,Ia,0.987,0,1,0.07244936830708681,0.009116230380154942,0.0,10.97,10.97,10.97,N2442,31.51,0.05,c
SNhunt281,0.0040667,0.004706,0.6785584253262869,0.004413227384893675,14.15170528442899,0.007884216816495628,-10.2,0.0454,0.0045,-1.69e-06,CSPII,Ia,0.947,0,1,0.02471131332840315,0.007693402732504704,0.0,9.66,9.75,9.85,N/A,-1.0,-1.0,none
